0.169104590825694 0.194590836019059 0
0.948437762238389 0.126395503840429 1
0.843514388832428 0.642183049627021 1
0.247831040375408 0.225274694964853 1
0.568152778769438 0.261430670143839 1
0.608960428603797 0.173640815214965 1
0.814264402061921 0.426184745766788 1
0.337700400015765 0.688915879108341 0
0.177113079078221 0.790276802794226 0
0.0745357691830511 0.287385529526527 0
0.297942335006417 0.544698645244158 0
0.0514406912619586 0.941937543059668 0
0.0131939997629764 0.703596197476176 0
0.219192330963705 0.876694242787121 0
0.607012685081559 0.598592164134893 0
0.942330319836412 0.707416717257697 1
0.176117341360385 0.421318441237283 0
0.916539592328746 0.288943576175206 1
0.231149815332090 0.262095849540557 0
0.308766660033451 0.282151969109171 1
0.446470635546032 0.433872682614500 0
0.0471619638477696 0.739398148931584 0
0.467436936990201 0.772147587721717 0
0.146484308419866 0.625379641062629 0
0.159687347889004 0.168150309243730 0
0.114217525406633 0.567407404345473 0
0.918846827837744 0.0297647077233443 1
0.537484003087855 0.883884597716233 0
0.107270435588067 0.966423106586666 0
0.115361081644234 0.728764938422809 0
0.463311188518067 0.345916940677381 1
0.952162387594818 0.786552783508377 1
0.395455434114374 0.304495941283567 1
0.648127521352220 0.699721394548628 0
0.483228478841085 0.645215546802394 0
0.427386682604898 0.528444840943451 0
0.308352980849229 0.234261751496891 1
0.152132850374700 0.478668477311692 0
0.518677629530559 0.183471938745545 1
0.652086025726956 0.683911882415581 0
0.166242917755684 0.700783687365205 0
0.426087812432956 0.658369003437190 0
0.204790966822284 0.552857149405084 0
0.367423645982229 0.288929148758525 1
0.528118665213637 0.290045492122638 1
0.338279472227144 0.517067777521451 0
0.669540593082835 0.457586929502949 1
0.996746203925261 0.197672710417103 1
0.375762728189714 0.0434638539425161 1
0.819824871839206 0.845413804797043 0
0.819610820582894 0.501722220268323 1
0.0987184868167743 0.747334069807340 0
0.801609176383575 0.723745324254938 0
0.842036428432088 0.374502371301233 1
0.898746728392411 0.970016758659008 0
0.985098156515348 0.474928022378634 1
0.355360994926070 0.497706874744860 0
0.167629092458766 0.137264872845290 1
0.662910372860561 0.131936430219471 1
0.306110022765218 0.685073857319926 0
0.968563805615755 0.638200192287697 1
0.223122016458738 0.968322667791203 0
0.0937887343272619 0.392211956023174 0
0.0449430312237465 0.254485824536438 0
0.584000699170418 0.138734008930828 1
0.216247593441746 0.551239726898064 0
0.264912066765892 0.662306325960541 0
0.0947274665256881 0.832128433078007 0
0.701905185969696 0.436785583298162 1
0.535137458576546 0.385775856122554 1
0.488157213392865 0.368969461386928 1
0.158809853206838 0.529903324172253 0
0.0129889273440443 0.866663384584402 0
0.741461283927602 0.707091895468082 0
0.709826005801139 0.751532403087875 0
0.874866360362777 0.619537469003527 1
0.935315205641099 0.610064779217050 1
0.114814004699155 0.653761948574414 0
0.233856194067641 0.396822769313448 0
0.247057095317161 0.713234692346356 0
0.292632732482471 0.0382701731648796 1
0.699137286229752 0.0358735769372451 1
0.722042668231437 0.223320942043361 1
0.949008596845858 0.264276434707167 1
0.830415517178449 0.308202248734542 1
0.523378040912264 0.287865467560286 1
0.0867593553042061 0.858602605199314 0
0.936226753030524 0.369443029573326 1
0.118892869134828 0.137344987492176 0
0.248918514903237 0.844732654340549 0
0.975126596553563 0.495655434079749 1
0.261817689539240 0.537334373663689 0
0.560778257851973 0.392269277578124 1
0.00512658661872756 0.790274090258380 0
0.841701514783551 0.247594594954825 1
0.798262811600034 0.391915884948802 1
0.188132543651136 0.361958115103235 0
0.684801115281582 0.694479761346020 0
0.734464321013114 0.0289855919447347 1
0.294206164932328 0.349258630823498 0
0.663597955774139 0.677657675114294 0
0.525270653631999 0.0233739061632763 1
0.791446802040213 0.976133012617849 0
0.0924910069865326 0.176180014166112 0
0.723506503573310 0.844250689616048 0
0.531292187940458 0.475554533622808 1
0.963947299368031 0.781321777888485 1
0.846742344242831 0.755764136523423 0
0.860655525887389 0.438935079299956 1
0.811247216601622 0.337851898438380 1
0.853080560712096 0.828573275901723 0
0.160097896059794 0.930265229509292 0
0.197944125349085 0.163841963129298 1
0.898206525202725 0.0506545710752805 1
0.239584465920864 0.725318061479869 0
0.254109015219543 0.336784430439049 0
0.151249599401335 0.585922935839706 0
0.798456795561674 0.600015338686016 1
0.581266635699783 0.805103464265234 0
0.349394684245930 0.842789930715552 0
0.562449453962769 0.0212882439490160 1
0.396336735122248 0.960324023741370 0
0.517360438874135 0.859094052942938 0
0.884114434869665 0.784575323162757 0
0.754806869585641 0.471440252015253 1
0.378213415530855 0.490792859017800 0
0.687665732006171 0.547350195946613 1
0.0294445518528674 0.233858361161477 0
0.311652543424320 0.761697856761729 0
0.982085403945290 0.802359177385054 1
0.689787969809036 0.593394787857313 1
0.148413830589499 0.568935033431490 0
0.0785446084863806 0.682447582045189 0
0.123166405986444 0.753085372042738 0
0.523294141992823 0.000987759288533008 1
0.258606744071438 0.764186049698274 0
0.731121745792056 0.372799146584635 1
0.881647580791230 0.507882872925325 1
0.972223014159503 0.773527192616939 1
0.00209564693071840 0.907603619781358 0
0.986793562498871 0.247181674391389 1
0.774346265844103 0.637841345581517 1
0.159189427071575 0.653669755436718 0
0.107970831937619 0.438785342678450 0
0.976513151938525 0.505017817961974 1
0.797729018594255 0.626876753583980 1
0.406954087089028 0.509535421472539 0
0.649448695153699 0.497953535143730 1
0.989877556491306 0.305630029329181 1
0.429990983622128 0.489403158413421 0
0.493840594621685 0.513650473791000 0
0.705550517395754 0.322361743699939 1
0.859903964235770 0.952397987983356 0
0.950036556091219 0.690056903536326 1
0.561613363357860 0.266107237776203 1
0.974384374153355 0.466263239553711 1
0.608100423334475 0.734696769625973 0
0.436173593286342 0.960649027991689 0
0.203876971545081 0.724891734842844 0
0.206915352866105 0.195810711959333 1
0.257350789364814 0.227058810538152 1
0.805104406356105 0.0828319428672393 1
0.113435059562061 0.285803093027596 0
0.919027330989986 0.0240805395422219 1
0.119728002941326 0.917242855573491 0
0.0572209163782486 0.0755991174862504 0
0.976668199022390 0.227392350670996 1
0.282714556846488 0.854468574413166 0
0.271984908615147 0.330862648096216 0
0.965477419461112 0.405968782435554 1
0.999781090105377 0.135537411138724 1
0.127369282406070 0.766762675863258 0
0.972855665654655 0.819323478511563 1
0.0445686725086614 0.340455668816901 0
0.0412919039389515 0.907682147821816 0
0.182007654650234 0.777231737981322 0
0.371728842878888 0.745899116324925 0
0.851251667243769 0.839644089454626 0
0.209705473471498 0.718736126706816 0
0.0839256069188156 0.894070760085010 0
0.303560883876997 0.654282799850944 0
0.855034554133661 0.214105750435388 1
0.200114159136771 0.719989419098300 0
0.0401400222881374 0.138322572563666 0
0.352063132438660 0.643589228183504 0
0.697240998655961 0.331185359192339 1
0.317847183282438 0.146502810838814 1
0.980373703035078 0.602262685060704 1
0.0247658072122876 0.130276149164082 0
0.423108411623896 0.987001641476323 0
0.841630532254078 0.302927539193704 1
0.392705012152807 0.656902640814492 0
0.873502010768212 0.863991227412997 0
0.369561991683448 0.913062579720198 0
0.675582290553627 0.736695027494351 0
0.148553048889079 0.699261333749679 0
0.758847126535284 0.177285421150291 1
0.329247655789723 0.964613244072585 0
0.592793452467301 0.736764812388493 0
0.255410729564292 0.823881734422427 0
0.385507344801927 0.425164950139587 0
0.584366977522794 0.589630031151318 0
0.0435069242732534 0.579822313080656 0
0.745240975510820 0.237983893789515 1
0.519934041257303 0.0389703006270757 1
0.162454274141724 0.159593844034077 1
0.641809133863536 0.674048421423607 0
0.643662608753051 0.0198148739525951 1
0.342197400536940 0.941058903201690 0
0.411808815511444 0.111626388094584 1
0.991264704139362 0.755003651758184 1
0.382109516061747 0.0805786376194484 1
0.529873590254172 0.0739280815815374 1
0.786838642571046 0.0588301677823225 1
0.0345210065079572 0.730977962784124 0
0.103807252783372 0.270269602364169 0
0.709716625896504 0.600534552570872 1
0.482059715352321 0.280763244581540 1
0.966670648327637 0.897081608895400 0
0.962319012789672 0.729669539745426 1
0.286454031945741 0.662188724545123 0
0.865946802638598 0.507842493356417 1
0.566993379488914 0.906605170357205 0
0.677806028306034 0.388656268561053 1
0.465897998361568 0.423427002452305 1
0.569907441534918 0.258448396298270 1
0.339434981190701 0.194799658787548 1
0.847944451838466 0.346838292452586 1
0.427455716897007 0.0288361036392790 1
0.0701688092848646 0.475952214467500 0
0.320282262529575 0.621605185072820 0
0.784036205393599 0.613829240564049 1
0.361550374111746 0.833347592613358 0
0.569488525496114 0.575529286808718 0
0.571624992085450 0.687185728832643 0
0.282746055559264 0.760600625996266 0
0.898151901289142 0.474242146378573 1
0.160794118031748 0.607533158387001 0
0.108415062527973 0.809124014288836 0
0.348971825339827 0.802589275138051 0
0.777193745735941 0.108269602271831 1
0.0581468236164879 0.328686223583191 0
0.162262467227801 0.813616552448754 0
0.695697426309904 0.191507230621929 1
0.102268307259921 0.108153853825523 0
0.813951826829196 0.394736621257986 1
0.250779770568702 0.387719496838230 0
0.0580193733272669 0.743244731968778 0
0.929553585012720 0.0690034607372296 1
0.918802152220552 0.0850553554591099 1
0.105873718298608 0.934602774913121 0
0.661897459380972 0.668480755939550 0
0.671817885958357 0.366359133667089 1
0.336313143266720 0.257679587536770 1
0.610522142717402 0.442546788217129 1
0.660263692816219 0.447970693767549 1
0.0452708156181793 0.880382680230851 0
0.184823577039222 0.582755409234524 0
0.427732479308760 0.164043305218169 1
0.224146208567231 0.999712166264114 0
0.136411055910724 0.487450523533636 0
0.780859767501395 0.898919751440847 0
0.616511794332934 0.297689652296697 1
0.730938535817017 0.498117046198744 1
0.168581275207902 0.210988687828419 0
0.889371549184396 0.502143743429123 1
0.332362221571008 0.0656543209111192 1
0.714681073326213 0.461547268658834 1
0.0178451470250455 0.724445608068900 0
0.903443865856606 0.147792133380215 1
0.697237217549458 0.742586046072920 0
0.808546205583415 0.972137673564317 0
0.0541608839473674 0.949677172149774 0
0.998128766820614 0.754222011670469 1
0.644418223998335 0.510136510020900 1
0.156281041342831 0.0253098558670261 1
0.0274676455584086 0.278813854835689 0
0.0139207531887489 0.431330679581306 0
0.370942090001737 0.418018304965665 0
0.897144991869615 0.296868090282409 1
0.294755661261814 0.962624912111229 0
0.787085662157476 0.528499195460197 1
0.626271724372376 0.897266902439635 0
0.229493704492277 0.361756980057878 0
0.123949640812101 0.104959277510283 1
0.639343700180085 0.133575740592502 1
0.812705140382600 0.475545270229732 1
0.599672591126631 0.711994827542169 0
0.161904896648223 0.983137639046588 0
0.469220632474748 0.543293706056028 0
0.587233993699565 0.764817380943469 0
0.664279076127025 0.517257815279325 1
0.727359483697650 0.316024121796418 1
0.339485047678314 0.879653480001110 0
0.998202273437776 0.806300058873978 1
0.417528084039655 0.101203608198345 1
0.726669072768027 0.411555622201655 1
0.959107466252288 0.147129890358512 1
0.883756996585170 0.334342511507438 1
0.187846003100117 0.397363457934475 0
0.340899509647486 0.143364466847676 1
0.395778877588662 0.627807544286257 0
0.762231060703969 0.891581274725875 0
0.525556969199985 0.171182042336692 1
0.0452827724157271 0.256728154439214 0
0.560233710292560 0.746796108747179 0
0.297396008440390 0.943758790754608 0
0.392329635361004 0.758168458048079 0
0.337260157910965 0.156751790627714 1
0.178746874032053 0.185271964572184 0
0.904865387971207 0.380351809411449 1
0.111375315809084 0.983645846931582 0
0.535712744853337 0.0101038190110445 1
0.682557554611006 0.380411872388064 1
0.978265057609938 0.958311114380640 0
0.798925238129173 0.775561037853846 0
0.0735366030669099 0.831532109446069 0
0.669167703046673 0.844866166067855 0
0.813835548579274 0.896424521444676 0
0.472717360998616 0.982029560424888 0
0.431652795805642 0.372520992794874 1
0.538625095241686 0.115247624191439 1
0.859559875035078 0.758389388910851 0
0.606769076929796 0.949281837904283 0
0.280731370844363 0.841119689173335 0
0.437637020633276 0.0693616033071779 1
0.592818469706504 0.260162945786087 1
0.379011093592553 0.740272629730080 0
0.988691829516936 0.467915697531515 1
0.448479952695413 0.872323073645841 0
0.592340782807499 0.220568595709258 1
0.958118022355553 0.311351114567851 1
0.301247957634389 0.321337009463764 0
0.842852436865037 0.942120642144235 0
0.915157489720844 0.0637926193129317 1
0.118394677673401 0.492385657302826 0
0.274337097022050 0.0835318465420892 1
0.188384835527741 0.158335680260340 1
0.777399986549234 0.358972562857539 1
0.249091805764153 0.519695720079155 0
0.394888705928917 0.0462482117657981 1
0.170856689140196 0.158843320114514 1
0.0625780172067768 0.0278882202454150 1
0.433312746990221 0.815867929524908 0
0.707009780692788 0.160370597008121 1
0.151730986535667 0.959553162620667 0
0.0835964249743121 0.903187424936409 0
0.240316038715679 0.151656569835391 1
0.404585841956391 0.0787641974472536 1
0.946242073235437 0.750378443029219 1
0.657724307359990 0.288206245810241 1
0.603815785224340 0.846439801237716 0
0.352466138634314 0.558823661068443 0
0.835065928749011 0.640971829984487 1
0.583450759293195 0.0172612208113558 1
0.841838163054063 0.975917853974743 0
0.515665332177668 0.762049410228406 0
0.713982130669088 0.899759097382423 0
0.813421478612012 0.257709459530203 1
0.639790074181622 0.839590912100174 0
0.269420805148872 0.816422853327716 0
0.923451362800359 0.249868268894416 1
0.507769416413543 0.358821819674672 1
0.359680650875561 0.456071736385842 0
0.663678047115899 0.0851269340757810 1
0.373880618811493 0.138412847453089 1
0.400896938085535 0.137255900986255 1
0.955080759324750 0.940119284352876 0
0.165250128962240 0.440906315304686 0
0.507117504762618 0.485830401319523 0
0.470562222252857 0.0909698503292840 1
0.540647742295008 0.982787015204708 0
0.118357666704837 0.198773539311591 0
0.196945556751651 0.371718735035887 0
0.647284326170983 0.266010188541958 1
0.442595738559468 0.511305014014886 0
0.552600984366856 0.597701192949525 0
0.838560920573574 0.645504024184325 1
0.617286562171261 0.917947850430981 0
0.557079279984535 0.278935275791990 1
0.439364856734861 0.550166530048299 0
0.126709488926576 0.519280810566160 0
0.504262588845271 0.952646299796331 0
0.414710073083172 0.106940739247353 1
0.526747811392007 0.918883980765126 0
0.0980523507977879 0.806141395294797 0
0.190355963982503 0.262879499738516 0
0.127631152226829 0.448349369904506 0
0.961027750191655 0.368898226139081 1
0.752124117332589 0.985891442968359 0
0.236783892766913 0.903129683943081 0
0.362042324297127 0.835174967792243 0
0.808733222468342 0.332679557287189 1
0.968955603227793 0.687841825688247 1
0.604051891423239 0.0124290110231466 1
0.148044110934966 0.428923426232959 0
0.0412368850516367 0.213889832302315 0
0.758071944115671 0.856631440979473 0
0.997085509311330 0.223170726625674 1
0.491575317506719 0.227695784536752 1
0.561270555070139 0.0961156776433730 1
0.375575907628325 0.962589092608008 0
0.475895293771987 0.986085408557295 0
0.845945692338462 0.849492699999521 0
0.0858326728120703 0.0207524697726704 1
0.393360188966921 0.835503101096627 0
0.690446224807145 0.513204846200248 1
0.691131621900176 0.338063152556729 1
0.0135328552258741 0.155597165792298 0
0.207481326975140 0.0949360397589349 1
0.410773652314982 0.792484527257619 0
0.622507362524061 0.696649629906701 0
0.895631337883221 0.0552060181842872 1
0.850990075774395 0.190366680353493 1
0.620735092118550 0.684317887350145 0
0.813289728465209 0.971809156744133 0
0.601847859873602 0.651467641099113 0
0.943851288802584 0.204318406797636 1
0.221436698718001 0.533345210277275 0
0.826125283117337 0.906761174754016 0
0.674545145259853 0.597559652153062 1
0.354455621533476 0.0431187799352121 1
0.828855179090658 0.580314164080210 1
0.371709597394203 0.386101851744768 0
0.674278908816289 0.649684325448981 0
0.496143225763871 0.0550231524808545 1
0.769880925002114 0.480746579363730 1
0.720745557279259 0.764844585015370 0
0.994819558061734 0.149190096812200 1
0.117480570290171 0.659818837035057 0
0.586602188473378 0.917798755915186 0
0.547223720590421 0.913840081646784 0
0.0483298433574785 0.995216195014743 0
0.751658783278002 0.0683143006374827 1
0.688628019614935 0.934672729670815 0
0.587421085677544 0.211398759574059 1
0.264235427422290 0.125088560579199 1
0.403191161801452 0.0826905202075472 1
0.0457741446147260 0.297405185629570 0
0.778367476603709 0.298699124228287 1
0.169791001019207 0.907039477821037 0
0.864865824313431 0.656710091981323 1
0.631555226473078 0.212719729988272 1
0.261610000409720 0.726209128345334 0
0.989843817619094 0.800996413327886 1
0.791284074232378 0.339676784697969 1
0.161660732618943 0.472554575511910 0
0.0784281797621989 0.0694971250211949 1
0.000662474813624803 0.820235522725222 0
0.00797926379351777 0.638640018452176 0
0.0747898705341425 0.891298221152704 0
0.433362571408508 0.753664376575737 0
0.0801666213848236 0.127948931773048 0
0.587492488116226 0.572678020580621 0
0.718169129483172 0.947834203102022 0
0.0898133828169947 0.586639237676157 0
0.296674327811732 0.487793210279295 0
0.617996753269434 0.0750932097440912 1
0.370222770907492 0.525376980979216 0
0.438366204965861 0.577666791250130 0
0.851652863868412 0.994541230191613 0
0.261565703160104 0.270742820137717 0
0.577575259146610 0.673841290382149 0
0.975001357086018 0.193051468360402 1
0.192378533142051 0.438345952097625 0
0.603514479894256 0.242478030548059 1
0.302310157157402 0.236771789025075 1
0.728200615003088 0.321998728605206 1
0.118613900202775 0.749253546367321 0
0.0568648813859795 0.553991067933982 0
0.409300018394709 0.0961700859898862 1
0.509162128830530 0.531584451901191 0
0.149837147491129 0.536625478626139 0
0.0906042357962316 0.0425697220572500 1
0.638868950327810 0.528040642327034 1
0.927896250350221 0.506234744112257 1
0.245351520149050 0.220389036669958 1
0.840319387722751 0.246300507921187 1
0.0248636633883623 0.105076955388707 0
0.502632290546717 0.941097472255392 0
0.992159084643394 0.778550236950721 1
0.534548799956719 0.171819241698962 1
0.415071355228335 0.928933065329466 0
0.0711400045548732 0.647252940905382 0
0.352076805496663 0.583556608208513 0
0.372200656041031 0.176912643755104 1
0.110528779067507 0.507590494933108 0
0.702452023119755 0.810984610324686 0
0.560621115380432 0.630996026572568 0
0.388629283273490 0.898952132217735 0
0.221487325318254 0.987557161204718 0
0.176117137522308 0.252626062284541 0
0.579023215743062 0.245985217392692 1
0.0716921628172141 0.876942580700648 0
0.0633691354149673 0.883821237280171 0
0.518061867303946 0.603231259522693 0
0.275294188257507 0.272764142165175 0
0.360419999540447 0.129657833142426 1
0.456121976232033 0.595579321339098 0
0.276144027846984 0.651863919442774 0
0.551249596559261 0.887674952897312 0
0.997116601816904 0.00189812659331956 1
0.0451152259605174 0.708062444744026 0
0.0824858841343640 0.613865570915786 0
0.694621238317863 0.331688664978626 1
0.750716529684955 0.273194980554574 1
0.0112148489775776 0.876551258305178 0
0.366992191478970 0.289601293737986 1
0.147715621561000 0.255659833544995 0
0.846862833619052 0.991023639563015 0
0.928220608335146 0.0504751381831313 1
0.226015121558948 0.556671246820670 0
0.673834644515473 0.691995376311645 0
0.0735486384295075 0.725841642369205 0
0.737369326432953 0.0643059107374371 1
0.302719095392311 0.104209975279064 1
0.605981506754301 0.302131806713669 1
0.0436363141605762 0.426891473032596 0
0.837310108137856 0.702068809857381 1
0.843122250526543 0.0485171478806129 1
0.565453103804582 0.722803013288966 0
0.706602635224551 0.652743245279391 0
0.361751241396832 0.177401190439939 1
0.805776778756636 0.511681798404810 1
0.640205848745289 0.270663129994123 1
0.233515002313531 0.242745224678833 0
0.00908512683291773 0.366391046365474 0
0.689700129349116 0.803352375898900 0
0.181661362106811 0.662558723144763 0
0.0870831644265131 0.489096533424570 0
0.779328989715107 0.987008137169176 0
0.772275821155657 0.595523307051339 1
0.107268469376794 0.635331056661905 0
0.116121936174613 0.0620815536412864 1
0.839382012157601 0.757252282789482 0
0.349638075877849 0.747974908469009 0
0.900586114390554 0.233252374120488 1
0.145230924222785 0.184522470445950 0
0.932798127882740 0.249002350758724 1
0.719313536806992 0.778409583904148 0
0.335211897066440 0.623787284113714 0
0.954704523812266 0.564376541112865 1
0.365277186562444 0.769149300503255 0
0.117472095789778 0.0701209117832722 1
0.163029010658672 0.491702315342527 0
0.538531167881837 0.596885355256179 0
0.544294744649512 0.941018402360586 0
0.907148788965290 0.860658455203032 0
0.0864366530119795 0.0115935494095319 1
0.454463084245453 0.416215802841280 1
0.0184278549752687 0.720063182828888 0
0.0696277703139860 0.584003765581025 0
0.516506481313248 0.812952802165804 0
0.247368412295772 0.222760103642918 1
0.0356266484857303 0.827470926791943 0
0.152872051891352 0.707406466135714 0
0.384640565378853 0.306452152916750 1
0.602747515473526 0.188929345409560 1
0.559084563003887 0.260907471927973 1
0.459542949081550 0.940403012864425 0
0.264306838116164 0.287047398028578 0
0.0450056171019706 0.536026193632283 0
0.162399261688735 0.521663025877722 0
0.519164297192679 0.756563956251226 0
0.747503947020954 0.578579993353930 1
0.599798814845330 0.437451761720096 1
0.108627202514794 0.988122421716263 0
0.288252731373822 0.112185517031429 1
0.695347281413366 0.458271002074710 1
0.909306871587259 0.0383561214345951 1
0.681914525315319 0.488786400231846 1
0.0718788660245365 0.237759846096936 0
0.600217286900647 0.323413722144390 1
0.425258829403889 0.654060986495654 0
0.947498992704504 0.449331172393589 1
0.995800907918925 0.192928099592329 1
0.525428668623774 0.562855976420022 0
0.882415811762740 0.798796290854265 0
0.960650616656408 0.845023172536513 0
0.390466802056799 0.715090467832922 0
0.120935557739448 0.713697104795093 0
0.146974114192748 0.398275698227669 0
0.873347596562252 0.403341027714100 1
0.402862479229251 0.439072172549713 0
0.251475228841758 0.990628907998460 0
0.334312349700452 0.893539027799486 0
0.00680797639799569 0.447645375458020 0
0.563858435971412 0.740902469941042 0
0.992326654105248 0.226635974826711 1
0.673831673330900 0.477901719788552 1
0.829724708553229 0.710645434082432 1
0.388231730256569 0.460604783420240 0
0.358208599786352 0.125510156366076 1
0.581687941111090 0.649479155803543 0
0.562578063327403 0.448267184323392 1
0.220908255637907 0.520573687388289 0
0.987882347590845 0.176537953217448 1
0.963685834244724 0.317781757639654 1
0.0872140784963936 0.670622947896463 0
0.532427448642878 0.835234806824342 0
0.622862822196235 0.239400401997357 1
0.718100359802919 0.869860414156222 0
0.334548837743519 0.0811045885426817 1
0.832539009506629 0.141164042177020 1
0.788001466396938 0.0498391363732127 1
0.471016198029231 0.394606860391895 1
0.0969503688319121 0.338263252399122 0
0.110928829316762 0.776835931214186 0
0.958588376524920 0.433326583030031 1
0.665071422573371 0.469038247632147 1
0.200713024744898 0.548072928094922 0
0.562178426159384 0.0352900290501523 1
0.263195929410207 0.566948935561941 0
0.408186997439880 0.761840997188987 0
0.415182786200389 0.116452480836058 1
0.723938370201085 0.575439229937189 1
0.488227060660776 0.306905061070018 1
0.286997589393241 0.957655446688232 0
0.529003675495236 0.987918473274495 0
0.628842210873112 0.512931157011407 1
0.118505794518508 0.632774629279142 0
0.749350916882425 0.608319568866318 1
0.692291658332048 0.210302375782880 1
0.769766766623116 0.940405159503333 0
0.442117317800369 0.943401327909841 0
0.946760159697731 0.313058945971089 1
0.0110568244075312 0.442019062412597 0
0.0952190194681223 0.938536689242600 0
0.0419655965985251 0.469919464749649 0
0.705112835723136 0.0490176487006234 1
0.0107373358027757 0.614467602123594 0
0.604860302047429 0.0568537848919305 1
0.802754676756868 0.625726430182380 1
0.597983491723167 0.935542602061390 0
0.977436421077407 0.136206695560061 1
0.520332150449213 0.648535804369388 0
0.492154176843904 0.772052893831919 0
0.474672567919488 0.456529842263050 1
0.392382888374182 0.350846817825668 1
0.0431966188823792 0.462896091448663 0
0.464116477820496 0.417496462613856 1
0.964035218875706 0.822560097559621 0
0.551819527812114 0.354699765907561 1
0.301302881625676 0.126826065190485 1
0.818864605716767 0.273795118341673 1
0.223803090430344 0.171138483234049 1
0.00783100293361849 0.133823447187712 0
0.831205613606414 0.936665455905838 0
0.460622070208091 0.621679189701529 0
0.587191228401274 0.529370764745705 1
0.432204763038181 0.964369861744035 0
0.778900338055177 0.542775178852489 1
0.257159819346243 0.173986688965580 1
0.248915400250807 0.197367981107843 1
0.622470148416877 0.0380253933617148 1
0.458518942999451 0.997092980029969 0
0.380794943871109 0.935005809873169 0
0.791571732231573 0.290131367588287 1
0.781049485647589 0.591827360351312 1
0.684440056678892 0.321002043788748 1
0.962763530132427 0.158631641548606 1
0.0623324942804321 0.150619980514735 0
0.728231833052301 0.882945075326951 0
0.684793685532306 0.196646519971717 1
0.853916032308879 0.662611607565586 1
0.125840063476142 0.961868310809917 0
0.308042707007695 0.713988166884297 0
0.551196858188507 0.221042813003275 1
0.0223829419584349 0.391668874705331 0
0.606191552210863 0.0491071313023550 1
0.0568907441647720 0.0293736694098123 1
0.701321374114437 0.388049082850174 1
0.668355637796513 0.663622246401814 0
0.858508141545862 0.741181291700332 1
0.354041291332379 0.902805078833572 0
0.890667749770366 0.460599286238299 1
0.645575574543192 0.488484244013468 1
0.412284261453160 0.346752074157032 1
0.950487403061160 0.366622711700525 1
0.640804344824199 0.969792450314127 0
0.196628209132392 0.490014789513297 0
0.363233031240495 0.544946788928122 0
0.580493917786473 0.448194056844465 1
0.756830059419248 0.0556580265807301 1
0.598814336270034 0.467372715603316 1
0.804697050975923 0.915990685356418 0
0.115307358313084 0.435458920172533 0
0.890395624016427 0.914623415853157 0
0.166293523990356 0.0511053138860876 1
0.655745807475867 0.859786795914654 0
0.898650124543846 0.0650725643135811 1
0.182086309813441 0.172678951018266 1
0.104452941002547 0.380326751847806 0
0.0966009234971158 0.0335113698870808 1
0.773073932770576 0.491953112272331 1
0.00790018335283671 0.382141647993103 0
0.665463073756701 0.170632422674776 1
0.491030847332273 0.921310321166386 0
0.329975756208218 0.616691474575809 0
0.166362854503475 0.0932340741495443 1
0.221298278570168 0.543901165413288 0
0.912636864962638 0.536785051071653 1
0.365095572596134 0.821428597076574 0
0.857590639603634 0.919137511042178 0
0.449843348097238 0.183248519142016 1
0.243627144962762 0.280799126234364 0
0.432700734848944 0.146710378485734 1
0.614096064259498 0.341487112030317 1
0.386921259153153 0.0791382700400091 1
0.501301898531684 0.997085941063340 0
0.417966725439871 0.0576673526088257 1
0.0519915459642391 0.236509307927109 0
0.365013173256566 0.423502824577421 0
0.496473840715660 0.142192956274641 1
0.299996312729626 0.368520866058572 0
0.595876449596708 0.0601639318925996 1
0.261577626263430 0.755606036845907 0
0.311864663921440 0.271404089229712 1
0.302596135698224 0.403605165076645 0
0.900052232660938 0.639821905914890 1
0.552060066990260 0.219561168119152 1
0.699945458028668 0.980871398670310 0
0.290685100704782 0.317339457257918 0
0.631872419052062 0.915448482668411 0
0.756749537878568 0.312822672378408 1
0.879929737509399 0.0859212815654294 1
0.841297365305588 0.516858599975882 1
0.387664545434333 0.877743727038097 0
0.0686466476451157 0.841853859147750 0
0.283003812349850 0.0340207195840359 1
0.665087577277198 0.0509381111858216 1
0.0578179234765485 0.555780781897247 0
0.661114679252131 0.260540188008247 1
0.359977531950456 0.331680710536549 1
0.981560114601861 0.181418949246363 1
0.729423960109494 0.00316281215624570 1
0.548788216414180 0.700280258794630 0
0.526192845548234 0.957097487704466 0
0.305631972569037 0.641871802332499 0
0.520033106516160 0.399916032084674 1
0.163272736264464 0.0564055164577991 1
0.762639921430101 0.315827225687664 1
0.868059812841495 0.652666469933227 1
0.547560750297241 0.364604962539345 1
0.239156890179503 0.212057651118379 1
0.997258535100530 0.621639210411862 1
0.142287753712986 0.967649043580215 0
0.479368619425247 0.486167493489022 0
0.765099937733842 0.430968294828240 1
0.673498294150685 0.990854081968129 0
0.307753207826478 0.876000550237547 0
0.193030835490584 0.403354655598652 0
0.763876094908998 0.757594861266756 0
0.311009265996334 0.772934909013308 0
0.000199655598738469 0.694189189747195 0
0.0197958643339197 0.759205701840259 0
0.133390546252793 0.175123244212418 0
0.568495009274074 0.389455208692565 1
0.941384966871198 0.105800263877898 1
0.471913452016416 0.0502178662566019 1
0.983603756014282 0.602581156915996 1
0.861004729004861 0.328443062297663 1
0.0242646318185532 0.135098409203127 0
0.114800589323347 0.265926102168974 0
0.714050785159253 0.0926115624239495 1
0.635325401615950 0.512646511232136 1
0.0810236801429032 0.460326921037834 0
0.629443216748180 0.285623116339773 1
0.505491952419764 0.454200389787220 1
0.940038991219402 0.812711048100960 0
0.697537691819778 0.657136952134261 0
0.0110854705188822 0.795047561482098 0
0.107596964345216 0.580666562837880 0
0.602293323868216 0.685035160897199 0
0.0311766978922181 0.155288430317581 0
0.411606716773964 0.107792131121624 1
0.266128606469381 0.00707079539230338 1
0.251802404129689 0.611594379049911 0
0.0398211235346959 0.555321046051444 0
0.879342882988625 0.198739321099080 1
0.250359311549364 0.0886016812085703 1
0.309681598934937 0.791291105545029 0
0.389623304339023 0.281658291641178 1
0.777809964126147 0.0396654348743057 1
0.125897471245075 0.0478769587120568 1
0.385147130204226 0.670229232602213 0
0.667201584614031 0.572628433333774 1
0.227959721179309 0.610424654352586 0
0.474348267245268 0.512913094536624 0
0.748057775301413 0.968153461609119 0
0.225856619278127 0.811472619655325 0
0.0993864431559628 0.974656677318145 0
0.598955099407828 0.124102738765412 1
0.226362114762129 0.00134438955269256 1
0.204291153126710 0.294285199831479 0
0.566270593906677 0.0219526477489862 1
0.00584543967119078 0.608880824613078 0
0.776480568588933 0.586011304916006 1
0.707878322521333 0.286932168892489 1
0.535288295108982 0.202613421090012 1
0.278937293381526 0.977092721142360 0
0.874619718586555 0.427762329836999 1
0.104113612565490 0.670131163842260 0
0.352016693827102 0.788475108776902 0
0.0124138902796288 0.308214962920555 0
0.351167930165097 0.113827119746528 1
0.447190154350793 0.151489835359606 1
0.982753367813245 0.888188199505644 0
0.0942813660947320 0.0707715393955539 1
0.715036668802369 0.626928860368893 1
0.0577712342881249 0.351866462016159 0
0.611100472777594 0.617388905864240 0
0.704645969850939 0.780981985522016 0
0.343192541348884 0.275193120915749 1
0.250713076727345 0.0520903046779719 1
0.420453740729564 0.609940467215589 0
0.581460246748970 0.198659784573519 1
0.983013111500351 0.0189360756486533 1
0.164620531393690 0.378289699230605 0
0.756862840902692 0.756187317668093 0
0.152535924547855 0.606546895243181 0
0.407007450852539 0.0577784865698655 1
0.889071644468402 0.907119640804595 0
0.962064756841893 0.449466193628125 1
0.480491583645403 0.738470463921600 0
0.926941244034898 0.0887429163631471 1
0.192943837107514 0.452850000401060 0
0.960456410420250 0.897404821078191 0
0.874859977103924 0.688586276917920 1
0.808134108387163 0.656070291084002 1
0.847702567710341 0.598466199866836 1
0.688097925895956 0.0516297516868844 1
0.602205766495774 0.818919680849145 0
0.395314766807636 0.0663529308688594 1
0.341929938786976 0.633057236248144 0
0.0590747899969615 0.981108138561554 0
0.663095011908355 0.736707444339199 0
0.165800526932946 0.619972276651403 0
0.228264166118468 0.769908764255772 0
0.314451836959937 0.535468027576538 0
0.944669129891584 0.706139594897990 1
0.794791129570791 0.404003315278231 1
0.476617491375723 0.663322883108445 0
0.796327069495210 0.647276530434834 1
0.0979170108225230 0.900395806297078 0
0.639188258210770 0.952677421381872 0
0.253015305307160 0.590234529760210 0
0.512500856783615 0.701830475514633 0
0.725413206935056 0.105407797979731 1
0.384219576094242 0.626542108725936 0
0.930649193927794 0.968580416726046 0
0.709393496001291 0.967018353906893 0
0.675387658382233 0.997789133795208 0
0.130707827918185 0.498912820179134 0
0.757644656059547 0.561935684178487 1
0.267252955869961 0.234041796328471 1
0.173209282624622 0.188743662235348 0
0.886594056532669 0.722486991041001 1
0.510922560467225 0.151340798196414 1
0.137224440571817 0.0828059653306886 1
0.731587135631886 0.749323087310574 0
0.766759307485499 0.00952646803561219 1
0.494846641561235 0.697321235528324 0
0.857822235194960 0.755605765962476 1
0.413227262662127 0.470322528190560 0
0.131357855385353 0.0365458862763590 1
0.0787958665756464 0.710781122642712 0
0.660338136363816 0.534889841451027 1
0.310947385768592 0.388879947009554 0
0.604012441370702 0.665929565234592 0
0.915073698961044 0.431085909109961 1
0.311255285992651 0.943818640009185 0
0.739032269493221 0.0106605098776272 1
0.602446288531773 0.523432721519610 1
0.235054693835417 0.401432721750794 0
0.0661747084441435 0.188453935901725 0
0.715642331224407 0.964897652195335 0
0.323169390276988 0.265509549532279 1
0.106646083664936 0.130184136761074 0
0.408726199034547 0.785960757866376 0
0.223306189478696 0.589047647784438 0
0.955375988775840 0.810781110058668 1
0.593230600439758 0.822874315894143 0
0.296760048432669 0.395356094700107 0
0.701654448808277 0.916763539989935 0
0.883112810732382 0.0688832187469165 1
0.970334306293128 0.497586660751648 1
0.431053788128290 0.835936010017652 0
0.162166132483681 0.342954150479902 0
0.382720499182357 0.137854858401146 1
0.0506070668892229 0.387338361906530 0
0.881926347245833 0.211177838709276 1
0.870047907725055 0.323250850960912 1
0.539699893251770 0.845297577399143 0
0.923607371692939 0.893039420672089 0
0.730077677535054 0.510208423304807 1
0.705182325471735 0.662892802633082 0
0.757288085125639 0.385971314413438 1
0.0430025930199192 0.464715189236985 0
0.515798229732194 0.340736850040182 1
0.703981595003321 0.606055375224944 1
0.589807326492976 0.751638505715744 0
0.342218877841980 0.244075212672659 1
0.755953528659684 0.106302837949949 1
0.834393097749295 0.947665956384235 0
0.451252868913688 0.941791862326198 0
0.704507130724541 0.250929340857297 1
0.490474102457981 0.721482743552133 0
0.738932047221955 0.598033904029749 1
0.390474129754350 0.508971648197253 0
0.00185221912045930 0.0258256908252130 0
0.508469646856043 0.701995194201038 0
0.144537392645172 0.894646325561963 0
0.389898316035960 0.207213338786100 1
0.738216179504457 0.575051555241233 1
0.123660879356632 0.778905994936588 0
0.668143743158183 0.0861853576669174 1
0.00679509695090341 0.132898824227730 0
0.550798329920410 0.852898749399496 0
0.578494751842705 0.260916494814516 1
0.816836286501193 0.401778606578246 1
0.364909192014515 0.00848388540604028 1
0.834926138937734 0.486259195626441 1
0.487247163997676 0.137439606296764 1
0.324688710678415 0.0897099398139177 1
0.552872654338513 0.249544727213017 1
0.381988037973583 0.646499111208386 0
0.263502161597121 0.120511011024648 1
0.969773736086684 0.405011009964272 1
0.921319825795456 0.572702657150395 1
0.867925918940027 0.663628170069903 1
0.0510538385683008 0.901380198328830 0
0.414257884952347 0.835218916981357 0
0.117479366553606 0.343851962570052 0
0.739611021220867 0.787143882853498 0
0.857417144617430 0.925060740714450 0
0.400931534460929 0.398101878535057 0
0.00223440432455579 0.435893233358462 0
0.669116527874530 0.179753062869738 1
0.397072834643086 0.679902673608656 0
0.830417140254011 0.256005043698635 1
0.833347955103122 0.381227869893463 1
0.910092608552485 0.789490085407768 1
0.771683487115437 0.267721372199540 1
0.0771539018007473 0.657317980050384 0
0.0329665572992492 0.224652206641531 0
0.604889877185771 0.466792410569802 1
0.571427154410674 0.762264022896621 0
0.426440860808236 0.125082574651806 1
0.278247388711929 0.100680426980548 1
0.771870406758579 0.287239992718645 1
0.234765874330391 0.123419298021303 1
0.798404294268659 0.783720589468427 0
0.619829666420987 0.0768262653593020 1
0.172647755449978 0.520422023775845 0
0.00129594187605675 0.400888408483547 0
0.823738508728250 0.389461207241268 1
0.0375614684583492 0.270800431999702 0
0.717254850421840 0.432570490011329 1
0.852477223947761 0.883169489001269 0
0.412034720682962 0.890035255901391 0
0.412812428791806 0.735281994445740 0
0.273254240144877 0.0614004728250318 1
0.451093283430191 0.178207433476433 1
0.936512106028817 0.0490189707740366 1
0.471529163135262 0.745767063974560 0
0.0368340045679817 0.00800776249436641 1
0.262295416561787 0.519896454495991 0
0.254079070950644 0.744394742244161 0
0.00831569901753726 0.342995699563924 0
0.598990719398084 0.0912585230233275 1
0.273358390907573 0.579314679908495 0
0.643698520966772 0.446726631005801 1
0.374661012854737 0.422048152382320 0
0.930006057468087 0.0497851659666027 1
0.701528167780335 0.641259029454863 1
0.955907558713305 0.770053423613885 1
0.120204518837271 0.447997034758015 0
0.333154416856882 0.371161558443040 0
0.0554533622061586 0.671921655508547 0
0.909856335931553 0.799735159490302 0
0.0803190325801456 0.0832609093977645 0
0.0113754978722953 0.547548062790235 0
0.153526526922167 0.816643555621036 0
0.493225341541112 0.658186207376896 0
0.231493491529875 0.246999483227425 0
0.754207283667630 0.720371081307773 0
0.00211248065727176 0.440820140151257 0
0.198075736238223 0.736758727259727 0
0.106436174005020 0.608203249302551 0
0.772689514639219 0.900085194785805 0
0.474217876493010 0.167823140515057 1
0.607351463338226 0.396690138989016 1
0.704260923501672 0.760729744940551 0
0.185392512160524 0.885738960792304 0
0.734674235597305 0.566786654278548 1
0.0145658227032456 0.0743158757994357 0
0.557019980957604 0.818492505342458 0
0.260811602786291 0.601292479996217 0
0.759751282510702 0.362584756492965 1