0.460781960181258 0.532497640749081 0
-0.0218632570709052 -0.184410402153095 1
0.748411274838758 -0.504745884356064 1
-0.966059891979379 -0.805108184774136 1
0.616809900398811 0.963163619362838 0
-0.00908757417452955 -0.140997651681065 1
0.392200641262071 -0.562999096068099 1
-0.847480326567347 -0.0786256109394385 1
-0.231637660959255 -0.518056267527421 1
0.520886092157979 0.930105411757062 0
-0.810149924024654 0.559614287091864 0
-0.622723683061524 -0.981026789708844 1
-0.179845238815927 -0.717347987812534 1
0.0655186199079656 0.115519440687993 0
0.386879419501355 0.752737282184051 0
-0.960730756217639 0.373188199261910 0
0.972860631840944 0.971522923028851 0
-0.0878375938609837 -0.303978965283121 1
0.965827801683059 -0.0282598641641982 0
-0.369811474023840 -0.237230252932412 1
-0.963979064109737 0.00726356414124485 1
-0.746016017416961 -0.389650867162596 1
-0.487882994972865 -0.995416369508365 1
0.545425551623830 0.323597742212479 0
-0.204067337923603 0.00210235697578476 1
0.225102169890710 -0.733855132248102 1
-0.433292281993654 0.674800666032831 0
0.731862457836077 -0.890482406238708 1
-0.0136309192321979 0.660296813657749 0
0.836970251320872 0.602465632324347 0
0.957561911547297 0.142956189085924 0
-0.872487053737854 -0.827132252437028 1
0.953597648570704 -0.102575846776037 0
0.788340206992507 0.822377813272553 0
0.922828809828831 0.556120939250835 0
0.896201966989676 0.358155644372652 0
0.428319205809827 -0.724807306554627 1
-0.834449737765998 -0.775548275315083 1
-0.261569153755105 0.930830845998082 0
-0.275220604631112 0.860787444011707 0
-0.808034595513499 -0.756138872660375 1
-0.0227757302216660 0.845016696627709 0
-0.730326763921911 -0.711237818138079 1
-0.333370321391023 -0.0900158319478279 1
-0.983216190756946 -0.183320821137289 1
-0.638238888078859 0.746704760595316 0
0.0977584407545897 0.722634055025365 0
-0.893755775805839 0.0220775427983955 1
-0.708408166522299 -0.122685806791402 1
-0.0894789517745465 -0.363726742217142 1
0.851032036013600 0.443029845311581 0
0.273123971376977 0.891601996803835 0
0.460655736995069 0.0438538456470938 0
0.294484701703727 0.472012982330706 0
0.742018246733847 0.734191901837103 0
-0.542271297560533 -0.397904221464629 1
-0.180189692912261 -0.615342451701191 1
-0.610899005960965 -0.700713865898967 1
0.710406347225520 0.861357770943160 0
0.559135841903271 -0.683410070812278 0
0.458331392245247 -0.612990490583167 0
-0.0836312748198833 0.710813546736679 0
-0.736485445633893 0.227736438140683 1
0.276822817876315 0.504057273648619 0
-0.486654656467462 0.0973137158303978 1
0.876077130481356 0.900134721826981 0
0.211030750777582 0.621136253366341 0
-0.369790274606054 -0.455731863046635 1
-0.142511726730852 0.494523792824799 0
-0.0700346084506147 0.967480298318953 0
0.697312345928065 -0.356276058517410 0
-0.642806363822941 0.710449623771048 1
0.720761340653619 -0.789990057117235 0
0.521052473151546 -0.721775090364389 0
0.214133560822084 0.585422551225673 0
-0.576416664046733 -0.935898037337708 1
0.606876602964396 -0.921385961515805 0
0.481999390734539 -0.321364226922814 0
-0.167818275656015 -0.612408259345578 1
0.894113977282089 -0.728888128070128 0
-0.0612515591164766 0.702677458467701 0
-0.506353226686594 -0.137208670919195 1
0.988413952532468 0.855301927316144 0
-0.913956010556437 0.0954320755727129 1
-0.997011824866134 0.449522765242148 1
0.237538066958027 -0.255333908601311 0
-0.411681884510514 -0.889717807594489 1
0.401379095638383 0.785934290909479 0
0.452049763808329 0.171042646703962 0
0.904416201017687 -0.278504271607289 0
-0.817495325470323 -0.0261662874146247 1
-0.668831694206646 -0.485350963042087 1
-0.996511725728144 0.526501550484323 1
0.527592226414689 -0.968647895666914 0
-0.752502590915967 -0.839116850631122 1
-0.843852913713956 0.182490103027451 1
-0.00774410684972260 -0.0141221101166960 1
0.296397831893966 0.681486305458334 0
-0.965700311336713 0.688118286262772 1
0.543792980815454 -0.421785124598155 0
0.401267314278418 0.826085145682918 0
0.889794167419817 -0.464053067443474 0
-0.691278848966487 -0.258807305913970 1
-0.554372306679213 -0.947476892043129 1
-0.637840488842659 -0.512302216450357 1
0.994236897623645 0.309868474888035 0
-0.764332363640479 0.649534353191940 1
0.462845155440406 0.428759401717964 0
0.114435913220516 -0.237863366667686 0
-0.305289751955245 -0.829242300087584 1
-0.575664022521089 -0.822856814693388 1
0.519069035877267 -0.860756678193161 0
0.171554091091013 -0.434416360684048 0
0.0433178208397655 0.948540257032657 1
0.368429320396779 -0.197037843319604 0
-0.790456446218275 -0.170227212918056 1
0.0953987066775803 -0.537298389207769 0
-0.987940827795171 0.0822717753676960 1
0.759794427421506 -0.243158805464301 0
0.652991592659343 -0.694527670725026 0
0.200568881266535 0.676719353443988 1
-0.355406775092113 -0.188086249919661 1
-0.170909706147130 0.156185851436082 1
-0.742737298171675 -0.791657757207726 1
-0.712808763347602 -0.120489340125310 1
-0.0563081598224662 0.373388145587712 1
-0.281328868926703 -0.381051150593446 0
-0.917687195785309 0.895039044094952 1
-0.850767390783033 0.899407116726345 1
-0.535079802217732 -0.829059356386244 0
0.457008381508895 0.507998241745507 0
0.790343080837508 0.205861834179444 0
-0.0366006438532829 -0.358503389691116 0
-0.0735278825065115 -0.0850667503662845 0
0.179243773384353 0.469074214337043 1
0.998636042489554 0.655797681313230 0
-0.440929302678652 0.663551264536309 1
0.0564145435048009 -0.985111141113801 0
0.514011387881240 0.701204782536123 1
-0.549823538765467 -0.100395596262633 1
0.774924118254513 -0.814917264169723 0
-0.00725049016069912 -0.542716379566263 0
-0.778526716119814 -0.0995110659820724 1
-0.936261331284791 -0.532611994302769 1
-0.0171783963410184 -0.311583563322430 0
0.181497032495812 -0.535526671301471 0
0.780161672809327 0.134968124643055 0
0.660688443205425 -0.664287463099119 0
-0.372028530999288 0.153141460235800 1
-0.756660097111322 0.336671052876151 1
-0.638895154041806 -0.644094387228392 0
0.620415100755620 -0.885045075871984 0
0.166512739407835 0.408361105655231 1
0.808198224575746 -0.421035347326275 0
0.719819396432462 -0.180121989145419 0
0.995977253879695 0.232735474636675 0
0.920286470895293 -0.922425706938909 0
-0.639423077016812 -0.777857516200954 0
-0.627473116029357 0.755012230304891 1
0.230340729423498 0.515495271198475 1
0.0898387414659625 -0.606822505872065 0
0.521280852688752 -0.655490630870578 0
0.723118499567995 0.663044678010469 1
0.498104647050581 0.442425304054555 1
0.0461094817263918 0.824425161613954 1
-0.438215424714478 -0.778525121308016 0
-0.291134573105489 -0.764380509392429 0
0.211861144979479 -0.280231173131948 0
0.150258055175561 0.238733972115798 1
0.441718852242832 0.114457044120974 1
-0.100973254446742 -0.308949208333701 0
-0.879498188543240 -0.111912711616379 1
-0.558238370076220 0.449518608555410 1
0.485758965405213 -0.478054951930487 0
-0.992141913312039 0.571394206895504 1
0.974022210152302 0.216999647303536 1
-0.281155286374132 0.928651309966594 1
0.746444975358984 -0.129729850334738 0
-0.693447442597991 0.302730562079848 1
-0.678984028109442 -0.360934267793625 0
-0.702321676651517 -0.677648955747257 0
-0.495805920283724 -0.0349653047264689 0
-0.143822721340151 0.789928551084290 1
-0.424863272220698 -0.399802018480907 0
0.129624745702592 0.534978651008196 1
0.812857129170320 -0.267860536301352 0
-0.388154922147394 0.207650355328351 1
-0.0215693675007671 -0.511135455105564 0
0.744820000964959 0.0626535969993196 1
0.463303739033114 -0.190328042972206 0
0.444012963555527 0.407623315231416 1
-0.405265568859823 -0.838840298126095 0
0.238305876867924 -0.0632649472744455 0
0.905679469820478 -0.329528091824024 0
0.387180718773032 -0.0703985967503942 1
-0.493178154681270 -0.0457438671917891 0
0.223724793796128 -0.102470369304547 0
-0.827760695510544 0.945723639062246 1
-0.602670885941549 -0.820600709630755 0
0.0860627346250160 -0.675222134548563 0
-0.990451805264794 0.0918700585608028 0
0.261316802895371 -0.213778824458307 0
0.134966134741846 -0.833489052204587 0
0.00183838937333625 -0.827850633569871 0
-0.496012379326769 -0.653943189649634 0
-0.934603811983225 0.752982410494963 1
-0.884501282477897 -0.0648217942527714 0
0.214696503974710 -0.284555495061259 0
-0.107436805813701 0.592452838946375 1
0.627529971967882 -0.394028913235278 0
-0.506292038598054 -0.221329013420414 0
-0.671390124599004 0.502404633268196 1
-0.878876149386598 -0.817326188546881 0
0.879824303200595 0.167338509219735 1
0.715957109666809 -0.239404153067182 1
-0.279265423356931 -0.415843003755003 0
-0.828750447061552 0.291187445862928 0
0.866392104969379 0.0887986456580125 1
0.339947888028526 0.850222802327763 1
0.149330850809325 0.825595220287450 1
0.855089061402957 -0.424569637700654 1
0.881388590692634 0.629134992551584 1
0.0504012889730934 0.639167532835631 1
0.393245947742098 0.748995594610498 1
0.135419728516881 0.356851422000950 1
-0.942367008061172 0.518845830561365 0
-0.649159731316797 0.119758619343209 0
0.0643493099751455 -0.391978853048884 0
0.400140123562038 0.904138612821629 1
0.0895602232330857 -0.481826315314542 0
-0.957824657568753 0.514845149149823 0
-0.984264756409340 -0.469013009897896 0
0.100105866958886 -0.722927347996373 0
-0.107905113240798 -0.716311083373988 0
0.751269994176071 0.100231551292549 1
0.169100216296445 0.0615980827911702 1
0.719192277034365 0.0143586392695547 1
0.472540853932119 0.714973930877406 1
-0.771441147785640 -0.133484449501555 0
-0.430456690878067 0.737138954454579 0
-0.866089903184853 0.222808029972942 0
-0.311332725875506 -0.460650477626947 0
0.140261178439223 -0.735635806458134 0
-0.730054211385677 0.870062763490859 0
-0.328729011022553 -0.604761926889004 0
-0.856850861543640 0.823561467902400 0
0.913883236543826 -0.281359285118425 1
-0.807818858752470 0.787072523885882 0
-0.232710757193595 -0.683739052318557 0
0.283768673850356 -0.923183334012035 0
-0.866301135987171 0.0779718395651172 0
0.836510569743513 -0.666573904433504 1
-0.750780659082550 -0.972610819367648 0
0.525525359793842 0.445508367318397 1
0.708878403978266 -0.500085878516830 1
0.229800581686598 -0.902777383396973 1
-0.774410838055192 -0.303705137704910 0
-0.0561015085970196 -0.840936029871576 0
0.364058722905569 0.0505745571021312 1
0.0317331458795116 0.880780081958793 1
-0.736545283374808 0.301562664572630 0
0.694374009972232 -0.308192924163625 1
-0.863703353191287 -0.977039185560395 0
-0.986419876431742 -0.415050522281148 0
-0.564675405699568 -0.396196036079751 0
0.190794594073669 0.127385852726328 1
-0.564008454666560 -0.218831506805970 0
-0.323753695423767 0.491745229194920 0
-0.262011735046332 -0.153559158593708 0
0.142870629652412 0.176240470031518 1
-0.942508429385873 -0.817739593560770 1
0.00204252134375360 0.836505849210134 0
-0.504767918170106 0.305875794731197 0
-0.869593551849440 -0.967325033935333 1
0.0401788040437456 0.304696663092993 0
-0.211691007285709 -0.238728565746882 1
-0.260789474502311 0.506260023652680 0
0.223799787090303 -0.521697257220492 1
0.850520282755710 -0.236227525642147 1
-0.253090132300476 -0.340448737994349 1
0.807568433705175 -0.0677666479218351 0
0.0164010330543811 0.589457988078951 0
-0.729799359660639 -0.590008489162165 1
-0.619647619509644 -0.996217789424668 1
0.715550087857782 -0.979981461808880 1
-0.982630899349028 0.680970509286277 0
0.540086386467769 0.714319527590649 0
0.866904196070601 -0.969853810219643 1
-0.620311576085574 0.388207835713458 0
0.954595025636041 0.150521340780339 0
0.124740368135390 0.883548607972347 0
0.372711172001468 -0.337684998416140 1
-0.319887076150072 0.868742943251873 0
-0.385008284581185 -0.922474764314011 1
0.135560145412282 0.301698663425529 0
0.477382485853692 0.912746421061625 0
-0.387887476628911 0.518207747073911 0
-0.437345700503708 0.803818955807812 0
0.341176248009506 -0.416901941882227 1
-0.353030227185801 0.433543540958240 0
-0.631542303499074 -0.119344392321110 1
-0.270966785303880 -0.572986140844373 1
0.0670932057901041 0.664542904453582 0
-0.0544100423635401 0.264713622498622 0
-0.605997864422421 0.995098536630058 0
-0.995324835219061 0.230625814446569 1
0.648937116478087 -0.171868520021459 0
0.792633061374939 0.0240256865467343 0
0.923370203388700 0.215738338412556 0
0.332188348790437 0.842909195861365 0
-0.102622202376042 0.266596102524994 0
-0.576970156444167 0.120686627632140 1
-0.792781516959204 -0.415342258881974 1
0.0880339677283160 -0.638256643495703 1
-0.447849388167150 -0.534806195800872 1
0.0976355667536080 0.114097526897350 0
0.241025080583042 -0.998686162743379 1
-0.624432695087223 -0.0474613663506405 1
-0.963686343677346 -0.0501841808052868 1
-0.846818614915450 -0.498617136386927 1
0.162363214220643 -0.697972657687066 1
-0.179578853503669 0.786071581768689 0
0.708867498288621 0.0855107042574879 0
-0.0790835187759642 -0.701210432048641 1
-0.0221916163118097 0.138241443038304 0
-0.317080061516072 -0.164154506892652 1
-0.646455775952961 0.669553475858024 1
0.351589559923473 -0.629113838543102 1
0.222265695220848 0.410303034099942 0
-0.943362005671445 0.0417386447922397 1
-0.481759023376512 0.0164319971216789 1
0.946482174379939 0.636463307055097 0
0.717522948472981 0.793234561545180 0
-0.400990843387385 0.760050191536041 1
-0.489573445803561 -0.615703773779896 1
-0.626763130542787 0.722215398235855 1
-0.110802082633789 -0.226788808658274 1
0.664011921564023 -0.587015421646162 0
0.795605765457864 -0.0809941271327221 0
-0.673100080548742 -0.462500308649163 1
0.0414017090960137 0.544735843884038 0
-0.225218197982281 -0.911149647961158 1
0.973695371460416 0.0460472369695402 0
0.687366467989549 0.783714280635993 0
0.371178213771465 0.0356885679154915 0
-0.116087678998586 -0.239717825665961 1
-0.936312442352181 -0.568235782878950 1
-0.829392478795536 0.593753071855689 1
-0.196388919142738 -0.900412321229997 1
-0.367022949806491 0.742439697534985 1
0.862811802102163 -0.148531416505719 0
0.732310568612684 -0.0387139869634308 0
0.816684758572849 -0.498931954424737 0
0.0532884224617525 -0.510337708577727 1
0.676878933275417 0.0514469417795258 0
-0.300392336931083 -0.485736940427092 1
-0.662344084246575 0.198469787988872 1
0.621983537481762 0.697838574367533 0
0.689544887718872 -0.529993929274762 0
0.0165706049245371 0.338709481110154 0
-0.818517351694813 0.0859973821375715 1
-0.404017322824015 -0.236313589063548 1
0.0677731681066913 -0.146948657455187 0
-0.535927780128177 -0.943161870085345 1
-0.947943522529346 -0.451397765758361 1
0.388961189304289 -0.340004320637826 0
0.500978058898387 0.591304425563244 0
-0.892516344587371 -0.981552112509478 1
0.456249007806715 0.328784019576765 0
0.170653227931713 0.838075576415127 0
-0.665325556378359 0.943927967818951 1
-0.560786043690885 -0.923502930557002 1
-0.542077186920684 0.415531479827640 1
-0.294755891457114 0.418975690527242 1
0.177385018030461 -0.782487806500715 0
0.293646617248391 0.462229561814629 0
0.726760218834925 -0.954704840640192 0
-0.697597499703917 0.0503881674582802 1
-0.546870934612966 0.683326939706177 1
-0.139933898251720 -0.401219273840884 0
0.154337809805230 -0.310495305345783 0
0.714022371077363 -0.426862216901121 0
-0.118092851251182 0.532782289716617 1
-0.233971061233661 -0.522392188713175 1
-0.212175434839472 -0.608333168625258 0
-0.118597197181867 0.236801388983061 1
-0.536289328045172 0.742866444484587 1
0.462840057715418 -0.360102292634832 0
0.623553261718038 -0.0822885514696294 0
0.351937912246116 -0.424429831888303 0
0.461039634446570 0.468442962025200 0
0.415858317889126 -0.581069390492175 0
-0.657682883261260 0.0674816947018739 1
0.417724088550964 -0.997974446818417 0
-0.618033840151514 0.472027474081332 1
0.991089005457420 -0.605741394437796 0
-0.534219136264646 -0.329618489797948 1
-0.721939573063213 -0.326963670373995 1
0.132292248464081 -0.0780132686946982 0
0.783090405642292 -0.765202653937079 0
-0.787639818271051 -0.216219256460030 1
0.393486290293892 0.777053929450461 1
-0.907592125551558 -0.415644856679263 1
0.907496889648602 0.521939316774503 0
-0.888458927820928 -0.943151374185782 0
0.854141939311153 -0.258819438542438 0
-0.968332522313331 0.00727248616598297 1
0.898308147057596 0.864876546820701 1
-0.892586665249718 0.829104238368940 1
0.00750702402510073 -0.616919958366686 0
0.237669278795693 0.750645519144976 1
-0.160244197884944 0.860864076616356 1
0.0607177052975871 0.688794933501539 1
0.521010082512773 0.297896042730289 0
0.858579795635957 0.397159043995875 0
-0.543382401805128 0.406814906230350 1
-0.523935136852619 0.0806719586865141 1
-0.245477506656401 0.265764803551184 1
0.975197366401463 0.553860216087618 0
0.433763426566556 0.685240403191355 1
-0.476171766914958 -0.0774332944587095 1
-0.274156509069568 0.233988739720509 1
-0.381100668778127 0.265313062325845 1
0.558105942325963 0.776076344197575 1
0.357676095891073 -0.571209762944568 0
-0.606515964191520 -0.178784275864536 1
0.533963132581003 0.573398890492018 1
0.199191178179432 -0.679877957737273 0
-0.624778140984154 0.718269446005553 1
0.0306047952184885 -0.0620289367385092 0
-0.989448288397557 0.515202364128121 1
0.0273698619040714 -0.116191648724487 0
0.948906517162683 -0.299349744718783 0
-0.604600001649506 -0.0428140854346746 1
0.777786567792017 0.119652690167179 0
-0.501763424128723 -0.470070131107689 0
0.126760598718700 0.586312225875815 1
-0.957643757142634 0.473830972969247 1
-0.197723737199681 0.420131439967073 1
0.282201962498755 0.295585888506808 1
0.917451821724585 0.0313372710695128 0
-0.974307723304352 0.657187863100115 1
0.253070256734868 0.216773774513903 1
0.411990798056015 0.0701203231897494 1
-0.877719600333839 0.111243408864713 1
-0.866203796553318 0.503977936826378 1
-0.929223340991417 0.917243815953045 1
-0.252373349485237 0.993575664849534 1
0.517462308321134 -0.833294752260205 0
0.0254799892374598 0.733872677445310 1
0.318671042932592 -0.862292435939117 0
0.850282983097727 -0.921289116747015 0
0.981441913414757 0.399267106085246 1
0.723966881161096 -0.663281711711581 0
0.381010061559393 0.696961318864002 1
-0.540965013133971 -0.750207229218332 0
-0.897635536576313 0.279032706256650 1
-0.843576482233595 0.541408120225140 1
0.114261610601852 -0.811871687807302 0
0.456921359761695 -0.159783750145882 0
0.341694791713395 0.613354749992888 1
0.779566457023148 0.336432656374857 1
0.657913014419990 0.936017282086948 1
0.499143212980932 0.162295773369558 1
0.904949142134445 -0.570337596615780 0
-0.588017972387840 0.970740951789289 1
0.0328943645465696 -0.523617493799480 0
-0.227554096414879 -0.574343546265045 0
-0.403212560207034 0.376101005967890 1
0.245246053560720 -0.792895252341640 0
-0.427902213437121 0.202714010424137 1
0.736976622387477 0.631370314987617 1
-0.250164793741628 -0.0340551582641542 0
0.555646853712393 -0.562018830742807 0
-0.689653634902635 -0.506194351153038 0
0.954310342867203 0.0815181393219389 1
0.329292882045323 0.346152471998640 1
0.227264687137952 -0.866726650587225 0
-0.0781738806785557 -0.297985857575075 0
0.210443610661324 0.224317455755061 1
-0.391560224932634 0.678167268373800 1
-0.654274897527321 -0.988960437491891 0
-0.566019148533867 0.0697864674184612 0
-0.315061527227019 -0.668513869884315 0
0.223665660133807 -0.430254983544429 0
-0.395357478445394 0.00143655212063676 0
0.0573804647199652 -0.971677093349945 0
-0.763811191050197 -0.721704621926563 0
0.524170471949242 -0.586062188464036 0
0.00702759309596246 -0.532490023128437 0
0.324262229868616 0.283624396746403 1
0.699340233717978 0.747798181420064 1
0.893659521347831 0.617127677523653 1
-0.846584802264064 -0.399978664200863 0
-0.789536803100177 0.405810204740946 0
-0.0945965564987872 -0.300789550811052 0
0.610700046147277 -0.885451119103855 0
-0.623446284943292 -0.440907970699657 0
0.506104625398057 -0.186619718809719 1
-0.363223886275434 -0.122847826507282 0
-0.299283330667102 -0.0783904116768759 0
-0.175591779729103 0.894243654457555 1
0.895780361096533 -0.0791280504481975 1
-0.259632110517682 -0.326543162997702 0
-0.0231271826719102 0.703060143576390 1
-0.863707554887077 0.0524719599344377 0
-0.342390041944017 -0.315791569558862 0
0.462026832389194 0.666319915240983 1
0.415517205016180 -0.683699813881745 1
0.953640835908693 0.119595141466859 1
-0.0556960814554144 -0.209411893974345 0
-0.831287807709058 -0.447253282681742 0
-0.266054917851118 0.594344018573902 1
-0.976349906036839 -0.540619807313408 0
0.374146560220903 -0.926638412803112 0
0.572699903986064 0.321963087035643 1
0.510196993948265 0.0353057856604972 1
0.980668153238370 -0.644134296971231 1
-0.125946882490033 0.261171984917915 0
0.347229926102247 0.834997423763242 1
0.815204491782134 -0.872357588109700 1
0.274462278867456 -0.0378183381624315 1
-0.424981891783662 0.443080467101578 0
0.00977507990470383 0.354591404699565 1
0.604774869059881 0.366659450617531 1
-0.769012694583038 0.915277364167545 0
-0.328894577620246 -0.363416998501357 0
0.336695485474890 -0.706429280339648 1
-0.443991902517793 0.318831479452471 0
0.0844538059118101 -0.431810276488943 1
0.952391196676145 0.149157506640494 1
0.454394261436203 0.758619234245159 1
0.324166929989804 0.0436020866790654 1
-0.490468090997545 0.347359416781988 0
0.718202336763337 -0.0549384903774712 1
0.825050550457815 -0.875007593515146 1
-0.0248798095984273 0.830136390346235 1
-0.0203661385558680 -0.0313963255520819 0
-0.451735708944054 -0.817823028777859 0
0.331879820972858 -0.748887700987899 1
-0.782389031640475 -0.114208266921695 1
0.106224233946457 0.925075853711133 0
0.143020760592861 -0.848220656116013 1
-0.275055965446326 -0.961036386133660 1
-0.0721868548198368 0.911798659977207 0
0.955137243146940 -0.714050274604885 1
-0.454429936524391 0.941753242728146 0
0.543830759698437 0.211708106353245 0
0.684766388640363 0.357188497470675 0
0.847016394293550 0.949454940523031 0
-0.883846944100685 -0.947242545882622 1
0.419535242534035 0.279935272772383 0
-0.0641249269715314 0.114332256849730 0
-0.811311503207079 0.639809388554349 0
-0.250530981626847 0.824461243757626 0
0.678786204803929 0.185807672069514 0
-0.808133523689368 -0.523357866037481 1
-0.953404670890638 -0.691933578849463 1
0.760892214293428 -0.762078412319561 1
0.719876785380249 0.730978111631985 0
0.790915389179231 -0.976622544568829 1
0.592197611065668 -0.635708581944585 1
-0.935389048473927 -0.673707256883848 1
0.0963514443373512 0.536792891772351 0
0.559024025431427 -0.301859466639315 1
0.416506754574305 -0.338752790490322 1
0.232120896215282 -0.0822110247623942 0
-0.561760974422566 -0.135883896249289 1
0.278734377249390 0.662267028142717 0
0.417451875338484 -0.640455444313557 1
0.159808727037778 0.555791319561178 0
0.518090373076309 -0.498754733985107 1
-0.312465072889580 0.461462312615896 0
-0.425432042612919 -0.112212756286390 1
0.679663941523800 0.967312010828025 0
0.229106419235434 -0.646899927998203 1
-0.871808612478600 0.371393419703253 1
-0.540130640900754 0.329023141687833 1
0.688449386968715 0.470092020259253 0
0.799004444078902 -0.511527360965555 0
0.767248016624254 -0.908739444428679 1
-0.0142083694427835 0.160866576687483 0
0.897898176607993 0.263306790844233 0
-0.0549378325841765 -0.756828743509679 1
-0.440578591097313 0.538426725000075 0
0.501596078551837 -0.963830999607186 1
0.696912141137925 0.804693223686123 0
0.352078026924437 -0.918803485311980 1
-0.00916188104585181 0.373161393665398 0
-0.926258887823445 -0.498853616982786 1
-0.367110120978185 -0.666380838134069 1
-0.0807478964280053 0.835680566352426 0
-0.901969313198218 -0.436143023487754 1
0.630268980327557 0.786225300583724 0
0.580551516459922 -0.954721086171084 1
-0.841543244094273 0.841739403662924 1
0.0282796754792511 -0.915066506396351 1
0.581254730486577 0.456226589601982 0
-0.809200426649180 0.578971217711680 1
0.414318602971205 -0.220371135175408 0
0.812271280075107 -0.745309594935681 0
-0.0793164835077707 0.0545657546686349 1
0.228099781732995 -0.896436471776607 1
-0.956934157188184 -0.777039326487109 1
0.110599625054741 0.210140303196470 0
0.568086780137693 0.909512276208261 0
-0.611369524097997 -0.0666460681044809 1
0.822242177136950 -0.168082883402249 0
-0.403974626591719 -0.485280876605705 1
0.663808348666388 0.389071285372750 0
-0.987643069413239 0.274304257529013 1
0.630025253452365 0.322638954688442 0
-0.330130327414125 0.918318106988446 1
0.0706930800864247 0.133279599582656 0
-0.768274493126425 0.0178316705953316 1
0.629946449547756 0.264542182516165 0
-0.739815690347272 0.0664855252401371 1
0.902165524500393 -0.844011964242893 0
-0.126537134368179 0.563322350474277 1
-0.672720176516377 0.385675070326869 1
-0.130639088938146 0.639806924421279 1
0.108822927163368 0.576291900527401 0
-0.464203883238068 0.0585651163092844 1
0.298425353353822 -0.638123740530758 0
-0.603808466723878 -0.688706653615693 1
0.971715822802663 -0.498870311414429 0
-0.254750557629730 -0.0413611512733869 1
-0.391163836938700 0.422851257710237 1
-0.0582451516276905 0.253403844620533 1
-0.583441573925700 -0.216783415793651 1
-0.657853090449861 0.161067026705040 1
-0.446471613778178 -0.815911082186963 1
-0.478727502478236 0.674397192323192 1
0.505921755974904 -0.270943661722626 0
0.199287202824967 -0.314535016918639 0
-0.127040480918369 -0.483558501406846 1
-0.135853578889389 -0.928832046255338 1
-0.842542958336856 -0.321087167139914 1
-0.583122912165055 0.486412012185374 1
-0.00357288262246347 -0.862972441070838 0
-0.219681739868944 -0.482319524883293 1
0.510350493267134 0.758057520969003 0
0.737524235443454 -0.575012107786959 0
-0.109046485681667 -0.955170939759722 0
0.553099792144187 -0.198573264873243 0
0.246658249652438 0.947104783191641 1
-0.241957638773428 0.393684368169226 1
-0.0953815221423133 -0.113030586888519 1
-0.512483062579076 -0.664530531994486 1
0.288836896038661 -0.974649636570999 0
-0.978265703702894 -0.172963592955676 1
-0.353055734794157 -0.310770057116312 1
-0.511643229962329 -0.180293050515800 1
-0.903796601600800 0.896387828834621 1
-0.925828461559573 0.0679595656309395 1
0.0474491839995006 -0.826657596852261 0
-0.536519888464375 -0.233027346730338 1
-0.150561269522373 0.547235324883863 1
0.705934050955130 0.891494614026691 0
-0.763533686604826 -0.624561712070120 1
-0.781754352856376 -0.0910618695703651 1
-0.595653394838166 -0.433359369415220 1
-0.319684082263718 0.220751301244502 1
0.313343310671449 0.959349337554031 1
-0.152581500303590 0.670726099284534 1
-0.621059751244601 -0.217532776841535 1
0.124214291442995 0.913678683667386 1
-0.911563604286727 -0.870932099639853 1
0.816671466669723 0.387936212306091 0
0.708579898298692 0.544735139403712 0
0.916097828748911 -0.234697516650213 0
-0.157857357506990 -0.478386920005260 0
-0.00502622686878507 -0.980856074791451 0
0.757537390219286 -0.340181487252773 0
-0.611979928186385 -0.435808513947552 1
0.900143753621111 0.282773030679007 0
-0.441815418205225 -0.385540964415187 1
-0.114328998672920 0.783204307899367 1
-0.349325776281273 -0.250916601427279 1
0.550960999423097 0.314857237597237 0
-0.987978657042903 -0.824857286177600 0
-0.500493391766538 -0.476773466235538 0
-0.775077855245688 -0.0104325376785406 1
-0.0575434859805353 0.0722378190211761 1
0.868505227026684 -0.875817591840876 0
-0.831383775525270 0.603955157687785 1
0.0186533112070755 -0.220413416957157 0
-0.762565025185847 0.310484986891086 1
-0.478207557956703 0.0408936542661831 1
-0.931886565909674 0.925312156334642 1
0.864678610712789 0.0455068342348823 0
0.254890998609008 0.691162335696327 1
0.750887312436331 -0.891656032674402 0
-0.857461070646347 -0.609189834693111 0
0.0832777048673323 0.0925862695289348 1
-0.476258224286462 -0.581248463514796 0
0.472400449515486 -0.187805477320836 0
0.0309796724911142 0.421158226490694 1
0.982940441939143 -0.688090682674681 0
-0.0512242073464746 -0.0414382747981401 0
-0.152170988938699 -0.0253186051828302 1
0.988559176464900 -0.837277492263661 0
-0.972385738218476 0.973077312611772 1
0.900361054467445 0.568563074986089 1
-0.851483510703571 -0.164820885626384 1
-0.281525970153987 0.973394733589398 1
0.878090396667154 -0.969129484076780 0
-0.0534772693077352 0.796323002038549 1
-0.712669632553554 -0.508549464136274 0
-0.737068410972764 0.406159780121973 1
-0.339906068585144 -0.793047874982776 0
-0.557366729773480 0.700336316671985 1
0.576233664940702 -0.628658206584721 0
-0.210310062494921 -0.480738189490054 0
0.197536129675310 0.335638854589836 1
-0.847119935971855 -0.214636353926144 0
-0.536875884903185 0.892339769567670 1
-0.281168204789169 -0.418549536681577 0
-0.808111192251720 0.289885787944607 1
-0.00776424292635580 -0.467123041487031 0
0.465738507747086 0.898598972285570 1
0.931437248120870 0.656907447284951 1
-0.620238689260040 0.568944357885547 1
-0.0805509420308970 -0.749258147823730 0
-0.233769554184247 -0.865149937165959 0
0.821011348011687 0.950813993160122 1
0.396154934072511 -0.508078814632073 0
0.350875799763834 -0.820187383772207 0
0.936717706962666 0.329559335776714 1
-0.773624653785048 -0.834467658474059 0
-0.928288726162720 0.143946783164193 0
0.679237181912883 0.536694943901267 1
0.999239240968099 0.210212115474724 1
-0.265525901278402 -0.966179681053297 0
-0.529109176246903 0.358542803470678 1
-0.141982718411566 -0.667436376337841 0
0.0854854949690678 0.177222938771851 1
0.623213317906932 -0.0555798655965827 1
0.836939766851725 0.726971955904002 1
0.0436741367326721 0.0578748064870660 1
0.359170365228693 0.363368925237899 1
-0.621876546457228 -0.0554951763688294 0
0.233911246218697 0.851852506160007 1
-0.667701633355913 0.728231206588306 1
-0.451474887716004 0.147945856305003 0
-0.750391308717830 0.0352788912016131 0
-0.838313616477233 -0.259461392278525 0
0.348189203945341 -0.947311534881758 0
0.303578287610048 0.785344922500802 1
-0.0995620479235666 0.733873041463983 1
0.500972705317271 -0.103674872721088 1
0.213302789739237 0.400485131937374 1
-0.533058955380400 -0.0918349722917367 0
-0.904549814772227 0.222662280903427 0
-0.965820105113948 0.248639502627755 0
-0.611272821436665 0.0116461697190944 0
-0.0404024888017296 0.421094252528761 1
0.380661040873110 0.452099952366134 1
-0.117928800179921 -0.342733943218445 0
0.0942072681959894 0.716766161953426 1
0.828753572412190 0.251999126038834 1
0.0344221400761364 0.0749623318236641 1
-0.677993864909823 -0.723536780222863 0
0.190911535659406 0.213919863621629 1
0.288617280411449 -0.872789003356123 0
-0.873097036089713 0.207710070755737 0
-0.183490262006425 -0.122389858648766 0
-0.841173579573885 -0.184672900594373 0
-0.774198498020638 0.994216646686471 1
0.411782272335453 -0.0691114031877531 1
-0.759016622276520 0.501535616770379 0
0.930504787266348 0.733471049782732 1
0.759527709812990 -0.652679861818736 1
-0.424537172122524 0.702606268591049 1
-0.0748796953781192 0.994313888278608 1
-0.437813972996960 -0.283642762477034 0
0.480013938537637 0.0932395152620043 1
0.142894931266412 -0.852294815316347 0
-0.833521355662028 -0.604968649912647 0
0.793615320911510 0.347021806332837 1
0.214682437300878 -0.896698172539924 0
0.0156911446530250 -0.398086761282898 0
-0.518915609876941 0.551990605433717 0
0.785027259140274 -0.893860824538451 1
0.113267434128241 -0.697303147262666 0
0.978673951234372 0.0524214555444698 1
0.0730098281693743 0.424950855105466 1
0.637466834376890 0.748202879460283 1
0.243423022541246 -0.978786798670700 0
-0.555456962487846 -0.894767655214065 0
0.0289112015579447 0.785671750151857 1
0.159249039729876 0.256095480683490 1
-0.711414070491523 0.497231149060508 0
-0.438677893297056 0.737560438705085 0
0.604248874759021 -0.0232454095699002 1
0.947140840193985 0.0543231869516752 1
-0.564883568812791 -0.606830877363782 0
-0.964615545417628 -0.311344244384124 0
0.670602181464548 -0.450669737383528 1
0.315128394235237 -0.660460072249860 1
-0.410740535826881 -0.258779977051092 0
0.297858182718615 0.135558860703432 1
0.0244741384911873 -0.879162700850611 0
0.555650695314163 -0.939982854193755 1
0.360752562102446 0.785486621626916 1
-0.257950738144616 0.247249587503008 0
0.385349629205005 0.569957206849675 1
0.264825103234952 0.380572614832462 1
0.605246213448742 -0.248426925300473 1
-0.904252398559332 -0.794000103157694 0
0.460781960181258 0.532497640749081 0
-0.0218632570709052 -0.184410402153095 1
0.748411274838758 -0.504745884356064 1
-0.966059891979379 -0.805108184774136 1
0.616809900398811 0.963163619362838 0
-0.00908757417452955 -0.140997651681065 1
0.392200641262071 -0.562999096068099 1
-0.847480326567347 -0.0786256109394385 1
-0.231637660959255 -0.518056267527421 1
0.520886092157979 0.930105411757062 0
-0.810149924024654 0.559614287091864 0
-0.622723683061524 -0.981026789708844 1
-0.179845238815927 -0.717347987812534 1
0.0655186199079656 0.115519440687993 0
0.386879419501355 0.752737282184051 0
-0.960730756217639 0.373188199261910 0
0.972860631840944 0.971522923028851 0
-0.0878375938609837 -0.303978965283121 1
0.965827801683059 -0.0282598641641982 0
-0.369811474023840 -0.237230252932412 1
-0.963979064109737 0.00726356414124485 1
-0.746016017416961 -0.389650867162596 1
-0.487882994972865 -0.995416369508365 1
0.545425551623830 0.323597742212479 0
-0.204067337923603 0.00210235697578476 1
0.225102169890710 -0.733855132248102 1
-0.433292281993654 0.674800666032831 0
0.731862457836077 -0.890482406238708 1
-0.0136309192321979 0.660296813657749 0
0.836970251320872 0.602465632324347 0
0.957561911547297 0.142956189085924 0
-0.872487053737854 -0.827132252437028 1
0.953597648570704 -0.102575846776037 0
0.788340206992507 0.822377813272553 0
0.922828809828831 0.556120939250835 0
0.896201966989676 0.358155644372652 0
0.428319205809827 -0.724807306554627 1
-0.834449737765998 -0.775548275315083 1
-0.261569153755105 0.930830845998082 0
-0.275220604631112 0.860787444011707 0
-0.808034595513499 -0.756138872660375 1
-0.0227757302216660 0.845016696627709 0
-0.730326763921911 -0.711237818138079 1
-0.333370321391023 -0.0900158319478279 1
-0.983216190756946 -0.183320821137289 1
-0.638238888078859 0.746704760595316 0
0.0977584407545897 0.722634055025365 0
-0.893755775805839 0.0220775427983955 1
-0.708408166522299 -0.122685806791402 1
-0.0894789517745465 -0.363726742217142 1
0.851032036013600 0.443029845311581 0
0.273123971376977 0.891601996803835 0
0.460655736995069 0.0438538456470938 0
0.294484701703727 0.472012982330706 0
0.742018246733847 0.734191901837103 0
-0.542271297560533 -0.397904221464629 1
-0.180189692912261 -0.615342451701191 1
-0.610899005960965 -0.700713865898967 1
0.710406347225520 0.861357770943160 0
0.559135841903271 -0.683410070812278 0
0.458331392245247 -0.612990490583167 0
-0.0836312748198833 0.710813546736679 0
-0.736485445633893 0.227736438140683 1
0.276822817876315 0.504057273648619 0
-0.486654656467462 0.0973137158303978 1
0.876077130481356 0.900134721826981 0
0.211030750777582 0.621136253366341 0
-0.369790274606054 -0.455731863046635 1
-0.142511726730852 0.494523792824799 0
-0.0700346084506147 0.967480298318953 0
0.697312345928065 -0.356276058517410 0
-0.642806363822941 0.710449623771048 1
0.720761340653619 -0.789990057117235 0
0.521052473151546 -0.721775090364389 0
0.214133560822084 0.585422551225673 0
-0.576416664046733 -0.935898037337708 1
0.606876602964396 -0.921385961515805 0
0.481999390734539 -0.321364226922814 0
-0.167818275656015 -0.612408259345578 1
0.894113977282089 -0.728888128070128 0
-0.0612515591164766 0.702677458467701 0
-0.506353226686594 -0.137208670919195 1
0.988413952532468 0.855301927316144 0
-0.913956010556437 0.0954320755727129 1
-0.997011824866134 0.449522765242148 1
0.237538066958027 -0.255333908601311 0
-0.411681884510514 -0.889717807594489 1
0.401379095638383 0.785934290909479 0
0.452049763808329 0.171042646703962 0
0.904416201017687 -0.278504271607289 0
-0.817495325470323 -0.0261662874146247 1
-0.668831694206646 -0.485350963042087 1
-0.996511725728144 0.526501550484323 1
0.527592226414689 -0.968647895666914 0
-0.752502590915967 -0.839116850631122 1
-0.843852913713956 0.182490103027451 1
-0.00774410684972260 -0.0141221101166960 1
0.296397831893966 0.681486305458334 0
-0.965700311336713 0.688118286262772 1
0.543792980815454 -0.421785124598155 0
0.401267314278418 0.826085145682918 0
0.889794167419817 -0.464053067443474 0
-0.691278848966487 -0.258807305913970 1
-0.554372306679213 -0.947476892043129 1
-0.637840488842659 -0.512302216450357 1
0.994236897623645 0.309868474888035 0
-0.764332363640479 0.649534353191940 1
0.462845155440406 0.428759401717964 0
0.114435913220516 -0.237863366667686 0
-0.305289751955245 -0.829242300087584 1
-0.575664022521089 -0.822856814693388 1
0.519069035877267 -0.860756678193161 0
0.171554091091013 -0.434416360684048 0
0.0433178208397655 0.948540257032657 1
0.368429320396779 -0.197037843319604 0
-0.790456446218275 -0.170227212918056 1
0.0953987066775803 -0.537298389207769 0
-0.987940827795171 0.0822717753676960 1
0.759794427421506 -0.243158805464301 0
0.652991592659343 -0.694527670725026 0
0.200568881266535 0.676719353443988 1
-0.355406775092113 -0.188086249919661 1
-0.170909706147130 0.156185851436082 1
-0.742737298171675 -0.791657757207726 1
-0.712808763347602 -0.120489340125310 1
-0.0563081598224662 0.373388145587712 1
-0.281328868926703 -0.381051150593446 0
-0.917687195785309 0.895039044094952 1
-0.850767390783033 0.899407116726345 1
-0.535079802217732 -0.829059356386244 0
0.457008381508895 0.507998241745507 0
0.790343080837508 0.205861834179444 0
-0.0366006438532829 -0.358503389691116 0
-0.0735278825065115 -0.0850667503662845 0
0.179243773384353 0.469074214337043 1
0.998636042489554 0.655797681313230 0
-0.440929302678652 0.663551264536309 1
0.0564145435048009 -0.985111141113801 0
0.514011387881240 0.701204782536123 1
-0.549823538765467 -0.100395596262633 1
0.774924118254513 -0.814917264169723 0
-0.00725049016069912 -0.542716379566263 0
-0.778526716119814 -0.0995110659820724 1
-0.936261331284791 -0.532611994302769 1
-0.0171783963410184 -0.311583563322430 0
0.181497032495812 -0.535526671301471 0
0.780161672809327 0.134968124643055 0
0.660688443205425 -0.664287463099119 0
-0.372028530999288 0.153141460235800 1
-0.756660097111322 0.336671052876151 1
-0.638895154041806 -0.644094387228392 0
0.620415100755620 -0.885045075871984 0
0.166512739407835 0.408361105655231 1
0.808198224575746 -0.421035347326275 0
0.719819396432462 -0.180121989145419 0
0.995977253879695 0.232735474636675 0
0.920286470895293 -0.922425706938909 0
-0.639423077016812 -0.777857516200954 0
-0.627473116029357 0.755012230304891 1
0.230340729423498 0.515495271198475 1
0.0898387414659625 -0.606822505872065 0
0.521280852688752 -0.655490630870578 0
0.723118499567995 0.663044678010469 1
0.498104647050581 0.442425304054555 1
0.0461094817263918 0.824425161613954 1
-0.438215424714478 -0.778525121308016 0
-0.291134573105489 -0.764380509392429 0
0.211861144979479 -0.280231173131948 0
0.150258055175561 0.238733972115798 1
0.441718852242832 0.114457044120974 1
-0.100973254446742 -0.308949208333701 0
-0.879498188543240 -0.111912711616379 1
-0.558238370076220 0.449518608555410 1
0.485758965405213 -0.478054951930487 0
-0.992141913312039 0.571394206895504 1
0.974022210152302 0.216999647303536 1
-0.281155286374132 0.928651309966594 1
0.746444975358984 -0.129729850334738 0
-0.693447442597991 0.302730562079848 1
-0.678984028109442 -0.360934267793625 0
-0.702321676651517 -0.677648955747257 0
-0.495805920283724 -0.0349653047264689 0
-0.143822721340151 0.789928551084290 1
-0.424863272220698 -0.399802018480907 0
0.129624745702592 0.534978651008196 1
0.812857129170320 -0.267860536301352 0
-0.388154922147394 0.207650355328351 1
-0.0215693675007671 -0.511135455105564 0
0.744820000964959 0.0626535969993196 1
0.463303739033114 -0.190328042972206 0
0.444012963555527 0.407623315231416 1
-0.405265568859823 -0.838840298126095 0
0.238305876867924 -0.0632649472744455 0
0.905679469820478 -0.329528091824024 0
0.387180718773032 -0.0703985967503942 1
-0.493178154681270 -0.0457438671917891 0
0.223724793796128 -0.102470369304547 0
-0.827760695510544 0.945723639062246 1
-0.602670885941549 -0.820600709630755 0
0.0860627346250160 -0.675222134548563 0
-0.990451805264794 0.0918700585608028 0
0.261316802895371 -0.213778824458307 0
0.134966134741846 -0.833489052204587 0
0.00183838937333625 -0.827850633569871 0
-0.496012379326769 -0.653943189649634 0
-0.934603811983225 0.752982410494963 1
-0.884501282477897 -0.0648217942527714 0
0.214696503974710 -0.284555495061259 0
-0.107436805813701 0.592452838946375 1
0.627529971967882 -0.394028913235278 0
-0.506292038598054 -0.221329013420414 0
-0.671390124599004 0.502404633268196 1
-0.878876149386598 -0.817326188546881 0
0.879824303200595 0.167338509219735 1
0.715957109666809 -0.239404153067182 1
-0.279265423356931 -0.415843003755003 0
-0.828750447061552 0.291187445862928 0
0.866392104969379 0.0887986456580125 1
0.339947888028526 0.850222802327763 1
0.149330850809325 0.825595220287450 1
0.855089061402957 -0.424569637700654 1
0.881388590692634 0.629134992551584 1
0.0504012889730934 0.639167532835631 1
0.393245947742098 0.748995594610498 1
0.135419728516881 0.356851422000950 1
-0.942367008061172 0.518845830561365 0
-0.649159731316797 0.119758619343209 0
0.0643493099751455 -0.391978853048884 0
0.400140123562038 0.904138612821629 1
0.0895602232330857 -0.481826315314542 0
-0.957824657568753 0.514845149149823 0
-0.984264756409340 -0.469013009897896 0
0.100105866958886 -0.722927347996373 0
-0.107905113240798 -0.716311083373988 0
0.751269994176071 0.100231551292549 1
0.169100216296445 0.0615980827911702 1
0.719192277034365 0.0143586392695547 1
0.472540853932119 0.714973930877406 1
-0.771441147785640 -0.133484449501555 0
-0.430456690878067 0.737138954454579 0
-0.866089903184853 0.222808029972942 0
-0.311332725875506 -0.460650477626947 0
0.140261178439223 -0.735635806458134 0
-0.730054211385677 0.870062763490859 0
-0.328729011022553 -0.604761926889004 0
-0.856850861543640 0.823561467902400 0
0.913883236543826 -0.281359285118425 1
-0.807818858752470 0.787072523885882 0
-0.232710757193595 -0.683739052318557 0
0.283768673850356 -0.923183334012035 0
-0.866301135987171 0.0779718395651172 0
0.836510569743513 -0.666573904433504 1
-0.750780659082550 -0.972610819367648 0
0.525525359793842 0.445508367318397 1
0.708878403978266 -0.500085878516830 1
0.229800581686598 -0.902777383396973 1
-0.774410838055192 -0.303705137704910 0
-0.0561015085970196 -0.840936029871576 0
0.364058722905569 0.0505745571021312 1
0.0317331458795116 0.880780081958793 1
-0.736545283374808 0.301562664572630 0
0.694374009972232 -0.308192924163625 1
-0.863703353191287 -0.977039185560395 0
-0.986419876431742 -0.415050522281148 0
-0.564675405699568 -0.396196036079751 0
0.190794594073669 0.127385852726328 1
-0.564008454666560 -0.218831506805970 0
-0.323753695423767 0.491745229194920 0
-0.262011735046332 -0.153559158593708 0
0.142870629652412 0.176240470031518 1
-0.942508429385873 -0.817739593560770 1
0.00204252134375360 0.836505849210134 0
-0.504767918170106 0.305875794731197 0
-0.869593551849440 -0.967325033935333 1
0.0401788040437456 0.304696663092993 0
-0.211691007285709 -0.238728565746882 1
-0.260789474502311 0.506260023652680 0
0.223799787090303 -0.521697257220492 1
0.850520282755710 -0.236227525642147 1
-0.253090132300476 -0.340448737994349 1
0.807568433705175 -0.0677666479218351 0
0.0164010330543811 0.589457988078951 0
-0.729799359660639 -0.590008489162165 1
-0.619647619509644 -0.996217789424668 1
0.715550087857782 -0.979981461808880 1
-0.982630899349028 0.680970509286277 0
0.540086386467769 0.714319527590649 0
0.866904196070601 -0.969853810219643 1
-0.620311576085574 0.388207835713458 0
0.954595025636041 0.150521340780339 0
0.124740368135390 0.883548607972347 0
0.372711172001468 -0.337684998416140 1
-0.319887076150072 0.868742943251873 0
-0.385008284581185 -0.922474764314011 1
0.135560145412282 0.301698663425529 0
0.477382485853692 0.912746421061625 0
-0.387887476628911 0.518207747073911 0
-0.437345700503708 0.803818955807812 0
0.341176248009506 -0.416901941882227 1
-0.353030227185801 0.433543540958240 0
-0.631542303499074 -0.119344392321110 1
-0.270966785303880 -0.572986140844373 1
0.0670932057901041 0.664542904453582 0
-0.0544100423635401 0.264713622498622 0
-0.605997864422421 0.995098536630058 0
-0.995324835219061 0.230625814446569 1
0.648937116478087 -0.171868520021459 0
0.792633061374939 0.0240256865467343 0
0.923370203388700 0.215738338412556 0
0.332188348790437 0.842909195861365 0
-0.102622202376042 0.266596102524994 0
-0.576970156444167 0.120686627632140 1
-0.792781516959204 -0.415342258881974 1
0.0880339677283160 -0.638256643495703 1
-0.447849388167150 -0.534806195800872 1
0.0976355667536080 0.114097526897350 0
0.241025080583042 -0.998686162743379 1
-0.624432695087223 -0.0474613663506405 1
-0.963686343677346 -0.0501841808052868 1
-0.846818614915450 -0.498617136386927 1
0.162363214220643 -0.697972657687066 1
-0.179578853503669 0.786071581768689 0
0.708867498288621 0.0855107042574879 0
-0.0790835187759642 -0.701210432048641 1
-0.0221916163118097 0.138241443038304 0
-0.317080061516072 -0.164154506892652 1
-0.646455775952961 0.669553475858024 1
0.351589559923473 -0.629113838543102 1
0.222265695220848 0.410303034099942 0
-0.943362005671445 0.0417386447922397 1
-0.481759023376512 0.0164319971216789 1
0.946482174379939 0.636463307055097 0
0.717522948472981 0.793234561545180 0
-0.400990843387385 0.760050191536041 1
-0.489573445803561 -0.615703773779896 1
-0.626763130542787 0.722215398235855 1
-0.110802082633789 -0.226788808658274 1
0.664011921564023 -0.587015421646162 0
0.795605765457864 -0.0809941271327221 0
-0.673100080548742 -0.462500308649163 1
0.0414017090960137 0.544735843884038 0
-0.225218197982281 -0.911149647961158 1
0.973695371460416 0.0460472369695402 0
0.687366467989549 0.783714280635993 0
0.371178213771465 0.0356885679154915 0
-0.116087678998586 -0.239717825665961 1
-0.936312442352181 -0.568235782878950 1
-0.829392478795536 0.593753071855689 1
-0.196388919142738 -0.900412321229997 1
-0.367022949806491 0.742439697534985 1
0.862811802102163 -0.148531416505719 0
0.732310568612684 -0.0387139869634308 0
0.816684758572849 -0.498931954424737 0
0.0532884224617525 -0.510337708577727 1
0.676878933275417 0.0514469417795258 0
-0.300392336931083 -0.485736940427092 1
-0.662344084246575 0.198469787988872 1
0.621983537481762 0.697838574367533 0
0.689544887718872 -0.529993929274762 0
0.0165706049245371 0.338709481110154 0
-0.818517351694813 0.0859973821375715 1
-0.404017322824015 -0.236313589063548 1
0.0677731681066913 -0.146948657455187 0
-0.535927780128177 -0.943161870085345 1
-0.947943522529346 -0.451397765758361 1
0.388961189304289 -0.340004320637826 0
0.500978058898387 0.591304425563244 0
-0.892516344587371 -0.981552112509478 1
0.456249007806715 0.328784019576765 0
0.170653227931713 0.838075576415127 0
-0.665325556378359 0.943927967818951 1
-0.560786043690885 -0.923502930557002 1
-0.542077186920684 0.415531479827640 1
-0.294755891457114 0.418975690527242 1
0.177385018030461 -0.782487806500715 0
0.293646617248391 0.462229561814629 0
0.726760218834925 -0.954704840640192 0
-0.697597499703917 0.0503881674582802 1
-0.546870934612966 0.683326939706177 1
-0.139933898251720 -0.401219273840884 0
0.154337809805230 -0.310495305345783 0
0.714022371077363 -0.426862216901121 0
-0.118092851251182 0.532782289716617 1
-0.233971061233661 -0.522392188713175 1
-0.212175434839472 -0.608333168625258 0
-0.118597197181867 0.236801388983061 1
-0.536289328045172 0.742866444484587 1
0.462840057715418 -0.360102292634832 0
0.623553261718038 -0.0822885514696294 0
0.351937912246116 -0.424429831888303 0
0.461039634446570 0.468442962025200 0
0.415858317889126 -0.581069390492175 0
-0.657682883261260 0.0674816947018739 1
0.417724088550964 -0.997974446818417 0
-0.618033840151514 0.472027474081332 1
0.991089005457420 -0.605741394437796 0
-0.534219136264646 -0.329618489797948 1
-0.721939573063213 -0.326963670373995 1
0.132292248464081 -0.0780132686946982 0
0.783090405642292 -0.765202653937079 0
-0.787639818271051 -0.216219256460030 1
0.393486290293892 0.777053929450461 1
-0.907592125551558 -0.415644856679263 1
0.907496889648602 0.521939316774503 0
-0.888458927820928 -0.943151374185782 0
0.854141939311153 -0.258819438542438 0
-0.968332522313331 0.00727248616598297 1
0.898308147057596 0.864876546820701 1
-0.892586665249718 0.829104238368940 1
0.00750702402510073 -0.616919958366686 0
0.237669278795693 0.750645519144976 1
-0.160244197884944 0.860864076616356 1
0.0607177052975871 0.688794933501539 1
0.521010082512773 0.297896042730289 0
0.858579795635957 0.397159043995875 0
-0.543382401805128 0.406814906230350 1
-0.523935136852619 0.0806719586865141 1
-0.245477506656401 0.265764803551184 1
0.975197366401463 0.553860216087618 0
0.433763426566556 0.685240403191355 1
-0.476171766914958 -0.0774332944587095 1
-0.274156509069568 0.233988739720509 1
-0.381100668778127 0.265313062325845 1
0.558105942325963 0.776076344197575 1
0.357676095891073 -0.571209762944568 0
-0.606515964191520 -0.178784275864536 1
0.533963132581003 0.573398890492018 1
0.199191178179432 -0.679877957737273 0
-0.624778140984154 0.718269446005553 1
0.0306047952184885 -0.0620289367385092 0
-0.989448288397557 0.515202364128121 1
0.0273698619040714 -0.116191648724487 0
0.948906517162683 -0.299349744718783 0
-0.604600001649506 -0.0428140854346746 1
0.777786567792017 0.119652690167179 0
-0.501763424128723 -0.470070131107689 0
0.126760598718700 0.586312225875815 1
-0.957643757142634 0.473830972969247 1
-0.197723737199681 0.420131439967073 1
0.282201962498755 0.295585888506808 1
0.917451821724585 0.0313372710695128 0
-0.974307723304352 0.657187863100115 1
0.253070256734868 0.216773774513903 1
0.411990798056015 0.0701203231897494 1
-0.877719600333839 0.111243408864713 1
-0.866203796553318 0.503977936826378 1
-0.929223340991417 0.917243815953045 1
-0.252373349485237 0.993575664849534 1
0.517462308321134 -0.833294752260205 0
0.0254799892374598 0.733872677445310 1
0.318671042932592 -0.862292435939117 0
0.850282983097727 -0.921289116747015 0
0.981441913414757 0.399267106085246 1
0.723966881161096 -0.663281711711581 0
0.381010061559393 0.696961318864002 1
-0.540965013133971 -0.750207229218332 0
-0.897635536576313 0.279032706256650 1
-0.843576482233595 0.541408120225140 1
0.114261610601852 -0.811871687807302 0
0.456921359761695 -0.159783750145882 0
0.341694791713395 0.613354749992888 1
0.779566457023148 0.336432656374857 1
0.657913014419990 0.936017282086948 1
0.499143212980932 0.162295773369558 1
0.904949142134445 -0.570337596615780 0
-0.588017972387840 0.970740951789289 1
0.0328943645465696 -0.523617493799480 0
-0.227554096414879 -0.574343546265045 0
-0.403212560207034 0.376101005967890 1
0.245246053560720 -0.792895252341640 0
-0.427902213437121 0.202714010424137 1
0.736976622387477 0.631370314987617 1
-0.250164793741628 -0.0340551582641542 0
0.555646853712393 -0.562018830742807 0
-0.689653634902635 -0.506194351153038 0
0.954310342867203 0.0815181393219389 1
0.329292882045323 0.346152471998640 1
0.227264687137952 -0.866726650587225 0
-0.0781738806785557 -0.297985857575075 0
0.210443610661324 0.224317455755061 1
-0.391560224932634 0.678167268373800 1
-0.654274897527321 -0.988960437491891 0
-0.566019148533867 0.0697864674184612 0
-0.315061527227019 -0.668513869884315 0
0.223665660133807 -0.430254983544429 0
-0.395357478445394 0.00143655212063676 0
0.0573804647199652 -0.971677093349945 0
-0.763811191050197 -0.721704621926563 0
0.524170471949242 -0.586062188464036 0
0.00702759309596246 -0.532490023128437 0
0.324262229868616 0.283624396746403 1
0.699340233717978 0.747798181420064 1
0.893659521347831 0.617127677523653 1
-0.846584802264064 -0.399978664200863 0
-0.789536803100177 0.405810204740946 0
-0.0945965564987872 -0.300789550811052 0
0.610700046147277 -0.885451119103855 0
-0.623446284943292 -0.440907970699657 0
0.506104625398057 -0.186619718809719 1
-0.363223886275434 -0.122847826507282 0
-0.299283330667102 -0.0783904116768759 0
-0.175591779729103 0.894243654457555 1
0.895780361096533 -0.0791280504481975 1
-0.259632110517682 -0.326543162997702 0
-0.0231271826719102 0.703060143576390 1
-0.863707554887077 0.0524719599344377 0
-0.342390041944017 -0.315791569558862 0
0.462026832389194 0.666319915240983 1
0.415517205016180 -0.683699813881745 1
0.953640835908693 0.119595141466859 1
-0.0556960814554144 -0.209411893974345 0
-0.831287807709058 -0.447253282681742 0
-0.266054917851118 0.594344018573902 1
-0.976349906036839 -0.540619807313408 0
0.374146560220903 -0.926638412803112 0
0.572699903986064 0.321963087035643 1
0.510196993948265 0.0353057856604972 1
0.980668153238370 -0.644134296971231 1
-0.125946882490033 0.261171984917915 0
0.347229926102247 0.834997423763242 1
0.815204491782134 -0.872357588109700 1
0.274462278867456 -0.0378183381624315 1
-0.424981891783662 0.443080467101578 0
0.00977507990470383 0.354591404699565 1
0.604774869059881 0.366659450617531 1
-0.769012694583038 0.915277364167545 0
-0.328894577620246 -0.363416998501357 0
0.336695485474890 -0.706429280339648 1
-0.443991902517793 0.318831479452471 0
0.0844538059118101 -0.431810276488943 1
0.952391196676145 0.149157506640494 1
0.454394261436203 0.758619234245159 1
0.324166929989804 0.0436020866790654 1
-0.490468090997545 0.347359416781988 0
0.718202336763337 -0.0549384903774712 1
0.825050550457815 -0.875007593515146 1
-0.0248798095984273 0.830136390346235 1
-0.0203661385558680 -0.0313963255520819 0
-0.451735708944054 -0.817823028777859 0
0.331879820972858 -0.748887700987899 1
-0.782389031640475 -0.114208266921695 1
0.106224233946457 0.925075853711133 0
0.143020760592861 -0.848220656116013 1
-0.275055965446326 -0.961036386133660 1
-0.0721868548198368 0.911798659977207 0
0.955137243146940 -0.714050274604885 1
-0.454429936524391 0.941753242728146 0
0.543830759698437 0.211708106353245 0
0.684766388640363 0.357188497470675 0
0.847016394293550 0.949454940523031 0
-0.883846944100685 -0.947242545882622 1
0.419535242534035 0.279935272772383 0
-0.0641249269715314 0.114332256849730 0
-0.811311503207079 0.639809388554349 0
-0.250530981626847 0.824461243757626 0
0.678786204803929 0.185807672069514 0
-0.808133523689368 -0.523357866037481 1
-0.953404670890638 -0.691933578849463 1
0.760892214293428 -0.762078412319561 1
0.719876785380249 0.730978111631985 0
0.790915389179231 -0.976622544568829 1
0.592197611065668 -0.635708581944585 1
-0.935389048473927 -0.673707256883848 1
0.0963514443373512 0.536792891772351 0
0.559024025431427 -0.301859466639315 1
0.416506754574305 -0.338752790490322 1
0.232120896215282 -0.0822110247623942 0
-0.561760974422566 -0.135883896249289 1
0.278734377249390 0.662267028142717 0
0.417451875338484 -0.640455444313557 1
0.159808727037778 0.555791319561178 0
0.518090373076309 -0.498754733985107 1
-0.312465072889580 0.461462312615896 0
-0.425432042612919 -0.112212756286390 1
0.679663941523800 0.967312010828025 0
0.229106419235434 -0.646899927998203 1
-0.871808612478600 0.371393419703253 1
-0.540130640900754 0.329023141687833 1
0.688449386968715 0.470092020259253 0
0.799004444078902 -0.511527360965555 0
0.767248016624254 -0.908739444428679 1
-0.0142083694427835 0.160866576687483 0
0.897898176607993 0.263306790844233 0
-0.0549378325841765 -0.756828743509679 1
-0.440578591097313 0.538426725000075 0
0.501596078551837 -0.963830999607186 1
0.696912141137925 0.804693223686123 0
0.352078026924437 -0.918803485311980 1
-0.00916188104585181 0.373161393665398 0
-0.926258887823445 -0.498853616982786 1
-0.367110120978185 -0.666380838134069 1
-0.0807478964280053 0.835680566352426 0
-0.901969313198218 -0.436143023487754 1
0.630268980327557 0.786225300583724 0
0.580551516459922 -0.954721086171084 1
-0.841543244094273 0.841739403662924 1
0.0282796754792511 -0.915066506396351 1
0.581254730486577 0.456226589601982 0
-0.809200426649180 0.578971217711680 1
0.414318602971205 -0.220371135175408 0
0.812271280075107 -0.745309594935681 0
-0.0793164835077707 0.0545657546686349 1
0.228099781732995 -0.896436471776607 1
-0.956934157188184 -0.777039326487109 1
0.110599625054741 0.210140303196470 0
0.568086780137693 0.909512276208261 0
-0.611369524097997 -0.0666460681044809 1
0.822242177136950 -0.168082883402249 0
-0.403974626591719 -0.485280876605705 1
0.663808348666388 0.389071285372750 0
-0.987643069413239 0.274304257529013 1
0.630025253452365 0.322638954688442 0
-0.330130327414125 0.918318106988446 1
0.0706930800864247 0.133279599582656 0
-0.768274493126425 0.0178316705953316 1
0.629946449547756 0.264542182516165 0
-0.739815690347272 0.0664855252401371 1
0.902165524500393 -0.844011964242893 0
-0.126537134368179 0.563322350474277 1
-0.672720176516377 0.385675070326869 1
-0.130639088938146 0.639806924421279 1
0.108822927163368 0.576291900527401 0
-0.464203883238068 0.0585651163092844 1
0.298425353353822 -0.638123740530758 0
-0.603808466723878 -0.688706653615693 1
0.971715822802663 -0.498870311414429 0
-0.254750557629730 -0.0413611512733869 1
-0.391163836938700 0.422851257710237 1
-0.0582451516276905 0.253403844620533 1
-0.583441573925700 -0.216783415793651 1
-0.657853090449861 0.161067026705040 1
-0.446471613778178 -0.815911082186963 1
-0.478727502478236 0.674397192323192 1
0.505921755974904 -0.270943661722626 0
0.199287202824967 -0.314535016918639 0
-0.127040480918369 -0.483558501406846 1
-0.135853578889389 -0.928832046255338 1
-0.842542958336856 -0.321087167139914 1
-0.583122912165055 0.486412012185374 1
-0.00357288262246347 -0.862972441070838 0
-0.219681739868944 -0.482319524883293 1
0.510350493267134 0.758057520969003 0
0.737524235443454 -0.575012107786959 0
-0.109046485681667 -0.955170939759722 0
0.553099792144187 -0.198573264873243 0
0.246658249652438 0.947104783191641 1
-0.241957638773428 0.393684368169226 1
-0.0953815221423133 -0.113030586888519 1
-0.512483062579076 -0.664530531994486 1
0.288836896038661 -0.974649636570999 0
-0.978265703702894 -0.172963592955676 1
-0.353055734794157 -0.310770057116312 1
-0.511643229962329 -0.180293050515800 1
-0.903796601600800 0.896387828834621 1
-0.925828461559573 0.0679595656309395 1
0.0474491839995006 -0.826657596852261 0
-0.536519888464375 -0.233027346730338 1
-0.150561269522373 0.547235324883863 1
0.705934050955130 0.891494614026691 0
-0.763533686604826 -0.624561712070120 1
-0.781754352856376 -0.0910618695703651 1
-0.595653394838166 -0.433359369415220 1
-0.319684082263718 0.220751301244502 1
0.313343310671449 0.959349337554031 1
-0.152581500303590 0.670726099284534 1
-0.621059751244601 -0.217532776841535 1
0.124214291442995 0.913678683667386 1
-0.911563604286727 -0.870932099639853 1
0.816671466669723 0.387936212306091 0
0.708579898298692 0.544735139403712 0
0.916097828748911 -0.234697516650213 0
-0.157857357506990 -0.478386920005260 0
-0.00502622686878507 -0.980856074791451 0
0.757537390219286 -0.340181487252773 0
-0.611979928186385 -0.435808513947552 1
0.900143753621111 0.282773030679007 0
-0.441815418205225 -0.385540964415187 1
-0.114328998672920 0.783204307899367 1
-0.349325776281273 -0.250916601427279 1
0.550960999423097 0.314857237597237 0
-0.987978657042903 -0.824857286177600 0
-0.500493391766538 -0.476773466235538 0
-0.775077855245688 -0.0104325376785406 1
-0.0575434859805353 0.0722378190211761 1
0.868505227026684 -0.875817591840876 0
-0.831383775525270 0.603955157687785 1
0.0186533112070755 -0.220413416957157 0
-0.762565025185847 0.310484986891086 1
-0.478207557956703 0.0408936542661831 1
-0.931886565909674 0.925312156334642 1
0.864678610712789 0.0455068342348823 0
0.254890998609008 0.691162335696327 1
0.750887312436331 -0.891656032674402 0
-0.857461070646347 -0.609189834693111 0
0.0832777048673323 0.0925862695289348 1
-0.476258224286462 -0.581248463514796 0
0.472400449515486 -0.187805477320836 0
0.0309796724911142 0.421158226490694 1
0.982940441939143 -0.688090682674681 0
-0.0512242073464746 -0.0414382747981401 0
-0.152170988938699 -0.0253186051828302 1
0.988559176464900 -0.837277492263661 0
-0.972385738218476 0.973077312611772 1
0.900361054467445 0.568563074986089 1
-0.851483510703571 -0.164820885626384 1
-0.281525970153987 0.973394733589398 1
0.878090396667154 -0.969129484076780 0
-0.0534772693077352 0.796323002038549 1
-0.712669632553554 -0.508549464136274 0
-0.737068410972764 0.406159780121973 1
-0.339906068585144 -0.793047874982776 0
-0.557366729773480 0.700336316671985 1
0.576233664940702 -0.628658206584721 0
-0.210310062494921 -0.480738189490054 0
0.197536129675310 0.335638854589836 1
-0.847119935971855 -0.214636353926144 0
-0.536875884903185 0.892339769567670 1
-0.281168204789169 -0.418549536681577 0
-0.808111192251720 0.289885787944607 1
-0.00776424292635580 -0.467123041487031 0
0.465738507747086 0.898598972285570 1
0.931437248120870 0.656907447284951 1
-0.620238689260040 0.568944357885547 1
-0.0805509420308970 -0.749258147823730 0
-0.233769554184247 -0.865149937165959 0
0.821011348011687 0.950813993160122 1
0.396154934072511 -0.508078814632073 0
0.350875799763834 -0.820187383772207 0
0.936717706962666 0.329559335776714 1
-0.773624653785048 -0.834467658474059 0
-0.928288726162720 0.143946783164193 0
0.679237181912883 0.536694943901267 1
0.999239240968099 0.210212115474724 1
-0.265525901278402 -0.966179681053297 0
-0.529109176246903 0.358542803470678 1
-0.141982718411566 -0.667436376337841 0
0.0854854949690678 0.177222938771851 1
0.623213317906932 -0.0555798655965827 1
0.836939766851725 0.726971955904002 1
0.0436741367326721 0.0578748064870660 1
0.359170365228693 0.363368925237899 1
-0.621876546457228 -0.0554951763688294 0
0.233911246218697 0.851852506160007 1
-0.667701633355913 0.728231206588306 1
-0.451474887716004 0.147945856305003 0
-0.750391308717830 0.0352788912016131 0
-0.838313616477233 -0.259461392278525 0
0.348189203945341 -0.947311534881758 0
0.303578287610048 0.785344922500802 1
-0.0995620479235666 0.733873041463983 1
0.500972705317271 -0.103674872721088 1
0.213302789739237 0.400485131937374 1
-0.533058955380400 -0.0918349722917367 0
-0.904549814772227 0.222662280903427 0
-0.965820105113948 0.248639502627755 0
-0.611272821436665 0.0116461697190944 0
-0.0404024888017296 0.421094252528761 1
0.380661040873110 0.452099952366134 1
-0.117928800179921 -0.342733943218445 0
0.0942072681959894 0.716766161953426 1
0.828753572412190 0.251999126038834 1
0.0344221400761364 0.0749623318236641 1
-0.677993864909823 -0.723536780222863 0
0.190911535659406 0.213919863621629 1
0.288617280411449 -0.872789003356123 0
-0.873097036089713 0.207710070755737 0
-0.183490262006425 -0.122389858648766 0
-0.841173579573885 -0.184672900594373 0
-0.774198498020638 0.994216646686471 1
0.411782272335453 -0.0691114031877531 1
-0.759016622276520 0.501535616770379 0
0.930504787266348 0.733471049782732 1
0.759527709812990 -0.652679861818736 1
-0.424537172122524 0.702606268591049 1
-0.0748796953781192 0.994313888278608 1
-0.437813972996960 -0.283642762477034 0
0.480013938537637 0.0932395152620043 1
0.142894931266412 -0.852294815316347 0
-0.833521355662028 -0.604968649912647 0
0.793615320911510 0.347021806332837 1
0.214682437300878 -0.896698172539924 0
0.0156911446530250 -0.398086761282898 0
-0.518915609876941 0.551990605433717 0
0.785027259140274 -0.893860824538451 1
0.113267434128241 -0.697303147262666 0
0.978673951234372 0.0524214555444698 1
0.0730098281693743 0.424950855105466 1
0.637466834376890 0.748202879460283 1
0.243423022541246 -0.978786798670700 0
-0.555456962487846 -0.894767655214065 0
0.0289112015579447 0.785671750151857 1
0.159249039729876 0.256095480683490 1
-0.711414070491523 0.497231149060508 0
-0.438677893297056 0.737560438705085 0
0.604248874759021 -0.0232454095699002 1
0.947140840193985 0.0543231869516752 1
-0.564883568812791 -0.606830877363782 0
-0.964615545417628 -0.311344244384124 0
0.670602181464548 -0.450669737383528 1
0.315128394235237 -0.660460072249860 1
-0.410740535826881 -0.258779977051092 0
0.297858182718615 0.135558860703432 1
0.0244741384911873 -0.879162700850611 0
0.555650695314163 -0.939982854193755 1
0.360752562102446 0.785486621626916 1
-0.257950738144616 0.247249587503008 0
0.385349629205005 0.569957206849675 1
0.264825103234952 0.380572614832462 1
0.605246213448742 -0.248426925300473 1
-0.904252398559332 -0.794000103157694 0