0.584233884101172 -0.572884294975846 1
-0.613254647581792 0.293478165144197 0
-0.777426126084415 0.0118250414516079 1
0.369843144867891 -0.685944863578779 1
-0.253250727399887 0.616744394322322 0
0.818643862486484 -0.678620927031841 1
0.475895764153766 0.111391266642554 0
-0.624286806217066 0.380028708105512 0
-0.400367373757878 0.264536155133983 0
-0.528432997131465 -0.0213137983277916 1
0.516528433284609 0.240414839168789 0
-0.504449439132506 0.306415835359062 0
-0.338428231836466 -0.761593677709793 1
0.313712406193741 0.894639776997644 0
0.682308674715182 -0.707223856443312 1
0.374985568688638 0.328426167745687 0
0.0209783674684516 -0.130556213588629 1
-0.232823472377759 0.684588468931251 0
-0.498329963680331 -0.417040397973674 1
0.121937698541959 0.253327380671411 0
-0.100561087699511 0.728850644984221 0
0.907914239184565 0.633054683732936 0
0.440126224188041 -0.755916386691081 1
-0.834091544335975 0.678246671979920 0
-0.298897600256370 0.811273915710360 0
0.155782798866532 -0.897826934892779 1
-0.568691851950246 -0.706630869080002 1
-0.167397318263025 0.755116582977121 0
-0.814082588663523 0.859689884742306 0
0.871675435036958 -0.469284130249251 0