0.584233884101172 -0.572884294975846 1
-0.613254647581792 0.293478165144197 0
-0.777426126084415 0.0118250414516079 1
0.369843144867891 -0.685944863578779 1
-0.253250727399887 0.616744394322322 0
0.818643862486484 -0.678620927031841 1
0.475895764153766 0.111391266642554 0
-0.624286806217066 0.380028708105512 0
-0.400367373757878 0.264536155133983 0
-0.528432997131465 -0.0213137983277916 1
0.516528433284609 0.240414839168789 0
-0.504449439132506 0.306415835359062 0
-0.338428231836466 -0.761593677709793 1
0.313712406193741 0.894639776997644 0
0.682308674715182 -0.707223856443312 1
0.374985568688638 0.328426167745687 0
0.0209783674684516 -0.130556213588629 1
-0.232823472377759 0.684588468931251 0
-0.498329963680331 -0.417040397973674 1
0.121937698541959 0.253327380671411 0
-0.100561087699511 0.728850644984221 0
0.907914239184565 0.633054683732936 0
0.440126224188041 -0.755916386691081 1
-0.834091544335975 0.678246671979920 0
-0.298897600256370 0.811273915710360 0
0.155782798866532 -0.897826934892779 1
-0.568691851950246 -0.706630869080002 1
-0.167397318263025 0.755116582977121 0
-0.814082588663523 0.859689884742306 0
0.871675435036958 -0.469284130249251 0
-0.928642260579411 -0.0670655632411414 1
0.168759994383652 0.453485587798969 0
-0.333011261802525 -0.872635466545669 1
0.783274995501012 0.657925164700629 0
-0.254100834719730 0.530926333987520 0
-0.125198077867974 0.0365434277435992 1
0.120377853812819 -0.508988236868677 1
-0.743389422468278 0.220966578453811 1
0.227135413957382 -0.530137392033860 1
0.715219902060353 -0.769390653758277 1
0.765030033789430 -0.222181778927327 0
-0.400355123957424 0.505828286234933 0
-0.469660997097989 0.0510966490794866 1
-0.541530564558813 -0.887228897627421 1
0.655562103870978 -0.768371772613055 1
0.0838460020612257 0.249367931619519 0
-0.999248355621212 -0.672769759638775 1
-0.980966870834405 0.506002909497106 1
0.407419509416344 -0.287317878439728 0
0.340824229508766 -0.818009891522009 1
0.645309980861216 -0.153560051665523 0
-0.796823622697337 -0.804821288342049 1
-0.787285341183590 0.237397752829501 1
-0.598025296140760 -0.153603928392935 1
0.618044307094252 -0.342167055056393 0
-0.453300347129271 0.637657622399239 1
-0.587067214479888 0.309133694483569 1
0.152026155873945 0.127425534225034 0
-0.370645027735388 -0.708672358513756 1
-0.739566305779019 0.685333413990540 1
-0.0507766208863638 -0.536605301274462 1
0.562084104934685 0.364848726293466 0
-0.677562870284327 -0.717612567029955 1
0.337485661029687 0.317465769551684 0
0.287611873400010 -0.626424074325767 1
0.644196929561398 0.227492150260820 0
0.864443978686101 0.322832318119571 0
-0.501593670274509 -0.906615597212070 1
-0.925718925946446 0.436538487557453 1
-0.513163803101685 -0.708647366336277 1
-0.912089696443957 0.617660906221700 1
0.681447496217803 -0.540965939726377 0
0.495678092620150 -0.436106124702317 0
-0.323496973384193 -0.341587643607768 1
-0.866731189479162 -0.845693093228763 1
-0.0103367408948853 -0.247806661198478 1
-0.166826702436099 0.239370355582336 1
0.327059057474219 0.271018229147185 0
-0.319596723458694 0.489510485572266 1
0.391011200517283 0.173154092110238 0
0.765484541013325 0.914418383621595 0
0.720158334553154 -0.359275311569204 0
0.327175967462268 0.811265293984142 0
0.370822412807821 0.998249516873169 0
-0.00121193658810848 -0.454200565791564 1
0.386820668463662 0.990025056960070 0
-0.579244785569845 -0.168538533654438 1
-0.675984985743648 -0.500556045784337 1
-0.212584635484413 -0.319666678716128 1
0.857049767335375 -0.0945522925136875 0
0.0531331533051096 0.00230825025107206 0
0.620652762937056 0.609676400953384 0
-0.764358335378188 0.236700457841214 1
0.545455045311374 -0.430323090280364 0
-0.461759524329054 -0.0677674934582968 1
-0.257499350329266 -0.0415186664226510 1
-0.123584626530782 -0.489547608272776 1
-0.717724712719690 -0.467656080921756 1
-0.303032555588247 -0.494956069968241 1
-0.964563943134134 -0.0985050218350223 1
0.809163391304733 0.314129968737264 0
-0.713135238030791 -0.483006326829396 1
0.582529431398111 0.454759780357797 0
0.646237050863252 0.872605545044708 0
-0.617656815983010 0.0538873214168392 1
-0.438780078783519 -0.183225146411083 1
-0.520294184908882 -0.284888836448780 1
-0.671358017387133 -0.994940611044242 1
-0.186683945362341 -0.440764662333305 1
-0.645448959475838 0.171315954125150 1
0.443036377664710 0.442521829417621 0
0.0171722392714451 -0.348148341162231 0
-0.0903242054888489 -0.406238803328446 0
0.366053708136588 0.849456286390150 1
-0.416508694655538 -0.0480115298600528 1
-0.216911317778226 -0.362208231380213 1
-0.199628345756970 0.755185079704851 1
0.906320754151484 -0.991233123491084 0
0.202856279184197 0.571155232422169 1
0.277013253251070 -0.765970418777809 0
0.421025528109173 -0.804500522837364 0
0.169531216907824 0.695129542168678 1
-0.538549260895556 -0.608024174667798 1
-0.924343684932415 0.655093401948201 1
-0.943476652455972 -0.265522777909428 1
-0.650377067271091 0.00814601831374961 1
-0.00802760399503710 0.729762867400186 1
0.142279166229703 -0.657968837074503 0
0.816706002665776 0.327275453894517 0
0.00537798378464127 0.644169940394812 1
-0.424606324287407 0.761930194531095 1
0.0628762771855924 -0.814812712412781 0
-0.0329114674303179 -0.356405695292548 0
0.0861612931468438 0.913407750121039 1
-0.264951644799537 -0.947078632032440 0
0.479021077226698 -0.350230063846744 0
0.330573068856995 -0.00430741016257374 0
0.715370345152419 0.497263931340663 0
-0.204168359332422 0.0282287105168249 1
0.167512655810698 0.0164875710909520 0
0.467741619410210 0.457180133476019 1
-0.611740527573197 -0.0902146358413118 1
0.0372326106624596 -0.701828477865807 0
0.563879883024810 -0.669134040927342 0
-0.00955207780950840 -0.481649940522816 0
0.243517473949393 -0.0857764510155623 0
-0.489088417763444 0.0688012451444979 1
-0.816757007057012 0.123065968713132 1
0.704399753848426 0.454981205548190 1
0.0773950223201660 0.343234151809213 1
0.721365034969822 0.103855426037579 0
0.821366230565732 0.113499016611662 0
0.716675652318410 -0.0944743888513910 0
-0.678768187404389 -0.525569812410933 0
0.223486750548145 -0.132556586601384 0
0.214310629789584 -0.526688329728518 0
0.867049867954725 0.406817909570829 1
0.351270515488240 -0.212728371349649 0
0.295007473557702 -0.101489698931618 0
0.979943593660138 -0.812770374428300 0
-0.0632518956628498 0.387364461902956 1
0.883636398072934 0.263023317638743 0
0.234231974361155 0.287057803613463 1
-0.696934526388314 -0.510663547518030 0
0.100284577354142 -0.517384764223133 0
0.00812768416614396 0.602503675959935 1
0.327030076425159 -0.926453270970273 0
-0.583940459625749 -0.193753698069938 0
0.836476453235939 0.215982773648955 1
-0.563400050464979 -0.302168999260799 0
-0.464161239264178 -0.229228144905277 0
0.756550227483980 0.110049552474965 1
-0.350183867790307 0.297071483694539 1
0.220807238781131 -0.822074741713901 0
-0.266389025254987 0.879904849925199 1
0.845627025132700 -0.478285422916219 0
-0.470853416894092 0.560661594409621 1
-0.196184416780537 0.772911833250921 1
-0.0956258720468186 -0.00602294653452584 0
-0.254076267862228 -0.236580916182827 0
-0.0838286981737582 0.435569891529988 1
0.459902536990847 -0.327735873675113 0
-0.0714041079254342 -0.244588574766991 0
-0.872100350384794 0.965403907534831 1
0.192586364378790 -0.0997263319999147 0
0.944021177194990 0.377308787354464 1
-0.0240332625269672 -0.285307078316538 0
-0.137024109637379 -0.587610458590557 0
0.0896998189593861 0.915004175054710 1
-0.625989660662370 0.540409590676181 1
0.674761002088681 0.816627480711003 1
0.261326141352982 0.187188897850012 1
0.545205288575292 -0.453862702757508 0
-0.983524769913816 -0.463162390600693 0
0.0677092783873003 -0.549717737059914 0
0.824982023836662 -0.774522917934265 0
-0.467315913578540 -0.0404078648086055 0
0.321868645809844 0.671894182623477 1
0.269425460611318 0.613681233889891 1
0.144840672819456 -0.0165773861737741 1
0.603027334634062 -0.117897199006220 1
-0.902260545628717 0.974920581811514 1
0.498498956690374 0.157289543675407 1
-0.331666823455899 0.186703985835669 1
0.803288583967018 0.685890280635924 1
0.736832267842464 -0.792725603203030 0
0.574621218992773 -0.188078210695351 1
-0.386066308638110 -0.946959350846993 0
0.420911751291392 0.687255139130262 1
-0.900224389435521 -0.508737193889778 0
0.900313627611329 -0.779839231798873 0
0.915949976544496 -0.309227932685366 1
0.760896392314249 -0.447940985019630 1
0.428897073320726 -0.900568510501893 0
-0.785492875688442 0.717981507059657 1
-0.151441063776457 0.125051370011345 1
0.465449188609563 0.921765964922162 1
-0.881730032220261 -0.760867823970078 0
-0.738399696726899 0.605441031033025 1
-0.679658285662873 0.0510605089644181 0
0.417184305834773 0.980792401049011 1
0.220870338603416 -0.416835405362582 0
0.101760327201363 0.0814211799824747 1
0.801032541721432 -0.858142708926046 0
0.967503212065079 0.811388010127904 1
0.877985214105324 0.343720796509007 1
0.453107041633889 -0.813260349111389 0
-0.729053196808650 0.621286163214916 0
0.690585191615329 -0.794056276744711 1
0.511793322224746 -0.357652492481374 1
-0.523524865885390 0.679199857797687 1
-0.157111810380404 0.319917543536075 1
-0.928442601575123 0.481606125908808 0
0.995133173374651 -0.231705447217414 1
0.0585132819073482 0.568328496822359 1
-0.675598395170623 0.802839030597529 0
-0.379423929068117 0.358618628451525 0
-0.0816292410317216 0.328368176121042 1
0.365796634118472 -0.515342630623419 1
0.0874599301578518 -0.671540735131402 0
0.813177321424774 0.145444036085129 1
0.690561577959023 0.951404379613521 1
0.592735371073293 0.108248069846922 1
0.746212574838891 -0.464893958621957 1
0.882130009781746 0.980526799232148 1
0.834740772363896 -0.925595855555921 1
0.171960613746176 -0.157986048520780 1
-0.908941043504526 0.850428619875196 0
0.502692149175076 -0.879202815102028 1
0.444268070663287 -0.427335994274719 1
0.928947144211507 -0.701338236558473 1
0.194406845631902 -0.0696626069532842 1
-0.177327241368800 0.760977925439102 1
-0.550223624761491 0.0859246277605112 0
0.895204928770744 0.306681332578777 1
-0.931805833465804 -0.222288808696435 0
0.747838845486698 -0.223375989530825 1
0.493813842184078 0.482212029499101 1
-0.540444105242456 0.847604070238659 0
-0.655918913480235 0.660505440436283 0
-0.178310980657033 0.540673674299592 0
-0.319956233954024 0.782670483207440 0
0.710852859940135 -0.736193864741999 1
0.364732341132726 -0.700840946210418 1
-0.179264081182248 0.0998953698798020 0
0.103605317601764 0.545996305804673 1
0.481500177575717 0.815350745274677 1
-0.0725694427899319 -0.198393685642886 0
0.887802191881720 -0.808770430358569 1
0.117495119361713 -0.365209365975849 1
0.889541302191840 0.237803917105082 1
-0.0712283016398128 0.758063070368642 0
0.465370413328455 0.178430862200690 1
-0.798711286041576 -0.956243438883932 0
-0.831406050644833 -0.0896944547075940 0
-0.623362730829101 -0.849748418483546 0
-0.341866579181919 -0.545426041537808 0
-0.325657946223412 0.104894748106356 0
0.936622688894288 -0.545540632503935 1
-0.199708668805335 0.981542906368876 0
-0.0759629917502338 0.969060904624767 0
-0.00311936082487030 0.976007819359113 0
0.0761988045624145 -0.734207013214164 1
-0.321593603682577 0.458016632208337 0
-0.168712244592794 0.849442863518910 0
-0.859416707125077 -0.241208874244649 0
0.130318035146797 0.513183572468246 0
0.467331124683820 -0.237510208509333 1
0.809312829776507 -0.613958684706121 1
0.780696190006882 -0.483648609841123 1
-0.172685740447628 -0.993441316156187 1
0.0916726684924147 -0.309985857798584 1
0.291176047238330 0.864370963729251 0
0.175416567756052 -0.478793976617436 1
0.799891705457655 -0.965507528618074 1
-0.544157725303913 0.433716385408118 0
-0.800744292548495 0.434035043607312 0
-0.520838892645658 -0.174322182405040 0
-0.421120263890724 -0.696763482393437 0
-0.380396718930147 0.266878604081433 0
-0.954815199212498 0.248319598326790 0
-0.599622355838652 -0.205887191484442 0
-0.0683388651912504 0.596715088980237 0
-0.557991285113092 -0.235228087641556 0
0.813574871452088 -0.752247847158966 1
-0.909885365700998 0.379207587839875 0
-0.403758119385408 0.993120664093663 0
-0.632136932810569 0.110293492751268 0
0.182596933013450 -0.00192638788528754 1
-0.0748806181061710 -0.694461770094756 1
-0.482882346596399 0.444760866789066 0
0.992694828680128 0.110620623434646 1
0.287357633454051 0.361613430121120 0
0.905619231173186 -0.267201918267264 1
-0.0615564221978173 -0.742920584151218 1
-0.840386595731209 0.0880162496439017 0
0.344613916118577 0.687013895983869 0
0.196649504237747 -0.875197764532805 1
0.475291227583159 -0.692829101051456 1
-0.829785257366675 -0.901986019227701 1
-0.839193607302444 -0.573419004929183 0
-0.222923449869821 -0.424035239021705 1
-0.700577317736844 0.267634007255293 0
-0.772618164994237 0.468962856100996 0
0.780044813324651 -0.114179395010261 1
-0.183827217898783 -0.172293004433836 1
0.757403777733172 0.0544325042061515 1
-0.744512405891320 -0.576927745195758 1
-0.663504822650725 -0.290551785167710 0
-0.270882628096651 0.103353506899832 0
-0.737316263880874 0.420775454553974 0
-0.290024381630825 0.294160416047476 0
-0.149433956390303 0.514670034711289 0
-0.514071630021854 -0.623111607324624 1
-0.694528159100994 0.982427624507282 0
0.949438327911102 0.844202401259899 0
-0.0973946198316058 -0.596397785686088 1
-0.248865675917581 0.486332625625723 0
0.802201564274965 0.720906587896392 0
0.946577958579682 -0.696989721411015 1
-0.753684565950439 -0.612391500931169 1
-0.484741823188647 0.456354186508612 0
-0.553267540129058 0.194084373583985 0
-0.651822878435090 0.150442641547850 0
-0.0820344426079036 0.765875945242645 0
-0.986996020977935 -0.265177677298538 1
-0.674526157964190 -0.847416703242106 1
0.802301251269569 -0.144216763114924 1
0.0929532960822874 -0.825925303957696 1
0.177791485264981 -0.184229325946127 1
0.225155876037475 -0.919306647770173 1
-0.904063880211508 -0.0851550713961142 0
0.639054311173109 0.397703970769098 0
0.0998895573362437 -0.598148592610809 1
0.275974469439576 -0.909340979803538 1
0.441491333063538 -0.151391079003620 1
0.0315821219147303 0.822561471424080 0
0.499267537498456 0.924149771338248 0
0.514750073765743 -0.123823941455482 1
-0.0890056480906614 0.0231656984263493 0