0.457479286267985 0.837540462760026 0
0.768634604276239 0.336544754529903 1
0.160230331691759 0.230231646921176 0
0.510044236412995 0.940115833345594 0
0.141527031056547 0.466363696401078 0
0.189369590532655 0.0281577592324579 1
0.409898603709071 0.0794363838246498 1
0.145862583262414 0.555571767565301 0
0.562327525863289 0.210771402376784 1
0.455231819675043 0.148235615253664 1
0.942096657747551 0.195532375136644 1
0.669994904830408 0.744748949559016 0
0.103142236185926 0.949013960871130 0
0.607106855414540 0.129377967952694 1
0.420329249580655 0.879780247409848 0
0.500631973111432 0.711919822812736 0
0.655805541452143 0.556843317486008 1
0.185718098975093 0.0670186385177520 1
0.359534495319808 0.787741116949661 0
0.480379796702106 0.812280154293412 0
0.614782964651501 0.754581866679249 0
0.285557145210163 0.550489561617464 0
0.502773455506513 0.631604793236803 0
0.278546112910250 0.436662894082981 0
0.572389854208563 0.307847008909365 1
0.342289403985695 0.207711269262026 1
0.839160958655716 0.770760889415698 0
0.685912805775307 0.934775817681433 0
0.816127818774999 0.621515713937702 1
0.154246067419621 0.534247428646956 0
0.185193651641655 0.883270467005345 0
0.542594781066419 0.0448029729618166 1
0.0613982589086294 0.302675540936611 0
0.538058518372392 0.382471111062753 1
0.335997001185555 0.0310994906863417 1
0.324454327379657 0.519932954618519 0
0.229853189135020 0.940576414935771 0
0.00468673960638777 0.797245019387289 0
0.687073346057770 0.535094361688559 1
0.752781192488937 0.676541039911815 1
0.338283415972522 0.785234819179129 0
0.469803618546924 0.261093302026839 1
0.797382273980786 0.275663601411056 1
0.647467738955255 0.605223786714462 0
0.0229781717825962 0.674181115785227 0
0.283972485448597 0.00361347346771346 1
0.954394831848568 0.855700978983276 0
0.883154655402026 0.144912046473848 1
0.325217951078929 0.512352173407835 0
0.910633889293575 0.562180388708078 1
0.479175081866910 0.00719114939208798 1
0.202068720786614 0.428850537923721 0
0.271449408118411 0.533742766469458 0
0.240981916391672 0.690706700377181 0
0.0555754563147374 0.903173884466909 0
0.437136111243020 0.0685611264993141 1
0.904582887523726 0.283098714600508 1
0.525757464179263 0.527932312951505 0
0.545456472905532 0.290234964686881 1
0.226999610165536 0.420131286556929 0
0.0464008297411591 0.982052953257923 0
0.125808022797877 0.0569333607949760 1
0.215125692811644 0.928913212204799 0
0.873393415409356 0.667978213958503 1
0.988328609786208 0.498580546266733 1
0.0177662485710122 0.464697086768199 0
0.443309955240086 0.558934470839919 0
0.369197290785475 0.291587157234313 1
0.536463563512069 0.171800480723947 1
0.616522818639082 0.619740655748734 0
0.395999761200828 0.988477295805034 0
0.183864064187447 0.516220664524779 0
0.585274245820466 0.671008350024413 0
0.0332967696364621 0.519532579676573 0
0.893977665016353 0.200030860891208 1
0.644410797397655 0.578695867528697 1
0.0945442642557158 0.957879559975660 0
0.551374985688191 0.692424153915218 0
0.128974321144031 0.0273369390689997 1
0.118820840142189 0.363118807327168 0
0.265548901592134 0.633885352615015 0
0.762908301571570 0.567073107928451 1
0.698220945875876 0.121333711011643 1
0.558852134434324 0.936473283219615 0
0.255226618791842 0.393839133242673 0
0.517868767023095 0.729262722013420 0
0.929750993608508 0.785687255374367 1
0.185319203081941 0.212992721861089 0
0.734207407149906 0.662624342622569 1
0.872182896750039 0.523367099658954 1
0.669456208390459 0.178297230192209 1
0.203695668655859 0.718440858164123 0
0.129165996371676 0.540576510467348 0
0.515032991372687 0.214093789894430 1
0.130308181173839 0.418061811497230 0
0.825700000834828 0.680761518689139 1
0.523644528713731 0.993761523701813 0
0.291423687444883 0.548437830830580 0
0.568126733449212 0.793920036977661 0
0.260637380445611 0.330578172353899 0
0.584470204681848 0.511561038729014 1
0.232122427253056 0.835025000366442 0
0.219052052221554 0.970457990259770 0
0.518506081599828 0.178472006055394 1
0.835415783240141 0.851307588403249 0
0.644770770461237 0.988396971002650 0
0.0941907411945896 0.450462015921403 0
0.134068325346944 0.307960143940304 0
0.390300595814603 0.912459604598273 0
0.319564692870780 0.219857230199005 1
0.891220601841292 0.988263707658093 0
0.891291487979216 0.401541610307008 1
0.0298241010237719 0.0922336277020718 0
0.210521937790970 0.136774876844266 1
0.388352712717689 0.477072327948467 0
0.176374744984949 0.0609477738588955 1
0.918686339938344 0.251885434908355 1
0.189598553495360 0.795002259754099 0
0.733985961517491 0.785331925856359 0
0.956915633536237 0.810819833699886 1
0.477718045245830 0.0462628115581868 1
0.814219293370681 0.766448999974693 0
0.428219381877536 0.806846546838304 0
0.813449254919245 0.0160496773040639 1
0.761698496307689 0.391327934357733 1
0.959603647734987 0.865577071729430 0
0.336600006645434 0.958474634949778 0
0.766594404464057 0.919591941317178 0
0.921617803833032 0.546987934292888 1
0.810771682918009 0.309921272883008 1
0.814337491922144 0.589264996107915 1
0.948298238781793 0.595990487876512 1
0.290682902707024 0.664551851390028 0
0.440146559458274 0.590815024658507 0
0.106057500890840 0.868055448707440 0
0.877282123522309 0.373977832429774 1
0.343699327938419 0.244016535325494 1
0.905244880249297 0.0204865724393395 1
0.203857571595340 0.232688609181843 0
0.349605815263973 0.161601649144728 1
0.690479377577291 0.238160396061621 1
0.922706524096088 0.880963166385235 0
0.687946013007490 0.731599432383161 0
0.340093517988754 0.243389081523123 1
0.0400434599080965 0.793054272007015 0
0.331750717484786 0.544120853184583 0
0.476161059704095 0.406486244474972 1
0.730400135411802 0.205802262934127 1
0.893628593313046 0.310731880275837 1
0.00630904103932828 0.0792465180296683 0
0.0767344622459043 0.233623509285969 0
0.281790546343869 0.665751396291747 0
0.535618929714945 0.351020154005771 1
0.535785598261535 0.819720195451028 0
0.425263479325745 0.661154900807732 0
0.883637417920388 0.624351102744157 1
0.727352045034284 0.420277839786501 1
0.135961363329814 0.645002282864520 0
0.235136345233568 0.874830654739709 0
0.505305855514682 0.311272653538338 1
0.362518554323812 0.342752027231040 1
0.808620043843169 0.848679156518333 0
0.419335536307045 0.529894112845496 0
0.941162557126158 0.923688087207271 0
0.182456524343541 0.187552947734390 0
0.482787478157687 0.214873261323796 1
0.894247371587478 0.862458745732055 0
0.0657360413679307 0.0994903809541693 0
0.279231663289434 0.471662375290519 0
0.202772925414384 0.839403559275121 0
0.984812759286225 0.693736603577259 1
0.468453756468121 0.462241484501935 0
0.888171148032741 0.165198494150311 1
0.853925409275191 0.550815891837309 1
0.103968583241333 0.987978668877741 0
0.349943562711025 0.805157544665633 0
0.496695515942555 0.0549288340572585 1
0.878895044167669 0.710928376194685 1
0.981854068008751 0.976616274568013 0
0.336948929317169 0.193373923554090 1
0.781948595034351 0.956407706321530 0
0.858717336207594 0.233345547273155 1
0.281249291382598 0.819397822459246 0
0.198927435377697 0.149418684191330 1
0.646613679160001 0.514104738137163 1
0.564139333040239 0.364014683134269 1
0.154575558349864 0.670687526949645 0
0.742172531255478 0.179117090301708 1
0.360092688030280 0.579748340852307 0
0.604674020381988 0.00242368765383372 1
0.00649297258253012 0.425654235232305 0
0.590515366420951 0.515793209001550 1
0.733426011054654 0.837796599817209 0
0.345674337690763 0.757637663778895 0
0.759329823537910 0.0918916391054209 1
0.426970121154665 0.625033667374407 0
0.423200058242056 0.660002886202140 0
0.299352637596233 0.734028736033026 0
0.741058918828148 0.554860034695348 1
0.917084863877079 0.107355509900625 1
0.443101238788199 0.640347780647207 0
0.986984648898161 0.670530852990065 1
0.799487736710284 0.250106991551986 1
0.311235249273688 0.948275260115321 0
0.233105298184130 0.452649115070923 0
0.358936004037647 0.866715638882911 0
0.404669286027370 0.653081092620781 0
0.495898290438370 0.616535109329149 0
0.701533742335101 0.549400879797135 1
0.840998334757087 0.647567460217142 1
0.0590740217459348 0.844335250083116 0
0.453072012007164 0.776878823436958 0
0.427555889929303 0.672627466444360 0
0.424032414500561 0.0318453336719814 1
0.563677088592842 0.00869477233051752 1
0.939801810169487 0.358537644993804 1
0.330321416095508 0.0306338211978064 1
0.948968142143371 0.517847453238824 1
0.245884257909653 0.00355390080352047 1
0.548405027720221 0.480730399442563 1
0.713400836019665 0.377608612442663 1
0.880621695992520 0.957464037952186 0
0.781698689779982 0.0558535499925743 1
0.965761258987549 0.0651909732536051 1
0.551143102725966 0.849266547244420 0
0.905426337540487 0.795257878233905 0
0.654684356956331 0.935846152171670 0
0.169010096197851 0.0782366485962054 1
0.0306607151420863 0.620099774481253 0
0.760780501758652 0.514404873778467 1
0.677620072084141 0.321574044864929 1
0.288313464973128 0.610811450593289 0
0.106016612994406 0.918077788485158 0
0.689460221420257 0.0625655064824111 1
0.749452515396887 0.659726140183833 1
0.558282009795511 0.285171506428626 1
0.665237363394218 0.405447691477591 1
0.404060981958568 0.849694534459999 0
0.866087519586982 0.121729505377973 1
0.532401281751286 0.842971073601380 0
0.894839201680011 0.404242744363317 1
0.739709555063287 0.983887478732100 0
0.522901877997628 0.918015661505289 0
0.719657130962274 0.407674382738408 1
0.886746012373011 0.297920308091567 1
0.194511285122912 0.220946383164332 0
0.429805051769870 0.217735939619497 1
0.859351008731369 0.768738064246602 0
0.0304963651068625 0.755442481862971 0
0.133082182155536 0.978253231371106 0
0.405346880003114 0.0833097718872274 1
0.112358998085687 0.220183380355005 0
0.726152012549226 0.983710935932273 0
0.974809999591668 0.546374378851182 1
0.489066565179129 0.553670415566559 0
0.960267492593846 0.348770995297779 1
0.135769118057870 0.703786435945378 0
0.700443424802452 0.499763781338263 1
0.582858314322496 0.469493261129566 1
0.791733562483828 0.549772844580304 1
0.537700612344792 0.0251802014725953 1
0.979892797061577 0.531260639371755 1
0.439652781613402 0.132964560833735 1
0.950272353501496 0.458929094221762 1
0.918278522222509 0.0822712023986940 1
0.423869672895492 0.888961649120884 0
0.410521906023226 0.378425604752250 1
0.0199470653086655 0.430354710421761 0
0.448494113003369 0.742061181625444 0
0.199410012046883 0.155774519383407 1
0.335925634069801 0.575023691921427 0
0.282515792602358 0.511047750732553 0
0.670197967508402 0.368303577674773 1
0.440173574339857 0.683335516406005 0
0.600249021118691 0.794486202791233 0
0.843518432484373 0.467684493193896 1
0.832772004865489 0.627351105797296 1
0.585557342690558 0.912539116819002 0
0.440536446906351 0.456971862339395 0
0.400410257165517 0.135019947154479 1
0.0711271360775981 0.543233094369514 0
0.467381980725515 0.430028055593036 1
0.403042815469564 0.768313079994071 0
0.201530692764280 0.797674610834304 0
0.802724962007974 0.171845971871529 1
0.698147977922515 0.437938936320602 1
0.975408113809713 0.266820994833954 1
0.385515821200994 0.954689224603925 0
0.416927584372398 0.936872133873722 0
0.519734919504311 0.434348751981497 1
0.353288456594390 0.431010687816217 0
0.545246744395312 0.746477150496638 0
0.889752541735952 0.595975949575560 1
0.730519386673315 0.259070986594322 1
0.206511949800562 0.483170065231503 0
0.800152879568588 0.890108376680094 0
0.795308063039044 0.681554091819530 1
0.799090960401833 0.563126528288884 1
0.316802653962737 0.876753924425973 0
0.612951520725552 0.276276382664522 1
0.652290981946774 0.996847475399755 0
0.120225003910919 0.199839833323086 0
0.918675290384379 0.839793527917021 0
0.368135773517147 0.742341960791668 0
0.688376723634879 0.864053917405152 0
0.928338379363765 0.584917574481669 1
0.674872163171632 0.232381263876941 1
0.938477412727422 0.483519931314712 1
0.699107657022926 0.862375213582558 0
0.170857894623844 0.797804504678169 0
0.728905509075002 0.173510536852273 1
0.405720147290497 0.992209928883655 0
0.318573293379799 0.0304122411873666 1
0.780646271101013 0.392648463279658 1
0.790489135363354 0.754401315327794 0
0.949011765656396 0.973739682897925 0
0.203185295209162 0.142126642134039 1
0.532664331127970 0.924040548653230 0
0.772122458631183 0.219023954553101 1
0.516348868759828 0.552638546814230 0
0.228786453947886 0.432807469754363 0
0.995290291315042 0.808055104511424 1
0.889319843563780 0.138569580912061 1
0.577143337136563 0.190869921165836 1
0.538047806843471 0.567512504562398 0
0.839976118078285 0.209951683382147 1
0.914633981358158 0.879992648554471 0
0.819585355681778 0.578353004514613 1
0.432809775552635 0.911755104974856 0
0.855623131479192 0.764341582360648 0
0.225605331791958 0.474943139113589 0
0.540516067018852 0.692408298434992 0
0.315150288619844 0.0598022012579836 1
0.119634495725524 0.631258531256355 0
0.145511952753207 0.984047264383540 0
0.936604817687855 0.119384480229864 1
0.194992427841487 0.451566673952075 0
0.649910129241280 0.0185339447003788 1
0.239121157940082 0.688127858423598 0
0.525469572732325 0.0194226314446796 1
0.130634204114543 0.455272220228531 0
0.289540346036439 0.219150410165682 1
0.400524530048116 0.807215496096938 0
0.706678774222804 0.645637406758507 1
0.901069935351265 0.666268828894062 1
0.428577131984357 0.549891106258049 0
0.713821968579719 0.250446403074706 1
0.139086460549479 0.815691024250173 0
0.100575074472647 0.880119955449127 0
0.448109590373414 0.438317098996436 0
0.760506233479942 0.586329815055659 1
0.231615284073677 0.624300424305366 0
0.809132823694301 0.727605559737709 0
0.252407735561206 0.590903749188593 0
0.0838012269203788 0.806597576574852 0
0.513000614029789 0.824088078962754 0
0.000977808158954319 0.556550365452133 0
0.708113039558611 0.882953804190034 0
0.739059248611255 0.202938642047466 1
0.973319596303849 0.413615433707173 1
0.663164606868758 0.630109849348143 0
0.494216725930238 0.102572697172120 1
0.0736233171164833 0.718643620785175 0
0.534295027122665 0.479683337774058 1
0.141830394037823 0.378993837107876 0
0.802388762387649 0.451846707333931 1
0.576148850536745 0.367586155309540 1
0.212914237650623 0.239538043891119 0
0.707055178674814 0.915872425738711 0
0.333008476915991 0.799362294910707 0
0.669098212327010 0.333940021387461 1
0.779551088146801 0.169051671589426 1
0.0865761186961122 0.116626226140213 0
0.510656462570746 0.795332848076821 0
0.103674362063906 0.702028228483525 0
0.649461505750182 0.0752326551411887 1
0.315497882507380 0.116593989666254 1
0.643501190424533 0.913804033697237 0
0.0485537820684181 0.869771393913809 0
0.866996397020029 0.291952444437503 1
0.478159255012066 0.101999969458544 1
0.793553188627552 0.808891381538515 0
0.226636978167850 0.0261736642002292 1
0.334973742252933 0.636347695922126 0
0.763774923211430 0.160087014791360 1
0.853422916554192 0.691624428700527 1
0.437123864845736 0.168019696155913 1
0.930332330006363 0.349048727297393 1
0.579614298840359 0.122086916318615 1
0.0490974814309052 0.287087031015409 0
0.452861337955007 0.129097362647584 1
0.160400046327681 0.463386171191166 0
0.732824446921449 0.649407730332602 1
0.347352667930668 0.394510568662381 0
0.201177639706153 0.952958501459225 0
0.842788034064323 0.754865390741753 0
0.817796331802283 0.544375330738843 1
0.343646690855579 0.563522891938614 0
0.403622791241354 0.320603953308143 1
0.0605998101790700 0.512519766949796 0
0.178884717376731 0.757811697191473 0
0.735918843846876 0.00180962547578700 1
0.566130348490864 0.480591897375617 1
0.823236970101307 0.904156541034361 0
0.501150098124784 0.849500214007486 0
0.767862415675471 0.220995434551641 1
0.509918000477068 0.736236442077645 0
0.568069030577944 0.584873636653729 0
0.184617964297186 0.525536114323494 0
0.544401024516787 0.661444512850285 0
0.201033148711672 0.632067612518019 0
0.556219172096979 0.0714173978123835 1
0.141441237658258 0.416842235699763 0
0.186009989291391 0.199297220814833 0
0.764783960193079 0.700583440796732 0
0.0708862657114310 0.273310332169476 0
0.369313645591609 0.436419434407528 0
0.877878018918548 0.821625647211276 0
0.104337399814671 0.783062987401515 0
0.359153215260751 0.854160149828254 0
0.113960367598203 0.479053845178159 0
0.876540757570462 0.926494739999730 0
0.126237112880338 0.0315546880574655 1
0.254555507842723 0.938283246344055 0
0.421906352518975 0.348628792581863 1
0.665256017800193 0.812823076692537 0
0.344705309548203 0.948321096921781 0
0.213501665296721 0.891814071682084 0
0.373385105766460 0.698019117373470 0
0.571024626164697 0.670183139460289 0
0.990751349393035 0.973577972773013 0
0.327165175811369 0.465108735048676 0
0.362203336380983 0.104017061687615 1
0.706235253672017 0.0241474169743731 1
0.298935691410273 0.881300204274654 0
0.349700721048870 0.0261910195762932 1
0.994707735479328 0.950827989297990 0
0.604267378782776 0.569917642393186 0
0.828810795038136 0.657567931706287 1
0.0316656904866194 0.909170421043422 0
0.145490219726209 0.901952282506061 0
0.727728294216953 0.390855031377848 1
0.539743945591015 0.612539471741332 0
0.995264506459980 0.521835351736480 1
0.495629659450809 0.817041221340260 0
0.384103868507898 0.0561828129185193 1
0.194374001233762 0.626975447631048 0
0.590166444566086 0.429738375018603 1
0.766625186545157 0.860930796881652 0
0.924439187221028 0.687866528027372 1
0.137625826260403 0.261024605483191 0
0.00808992330508307 0.134238750930384 0
0.477960489221536 0.541341679477201 0
0.182947586256922 0.981899402015865 0
0.610338611506428 0.349907255365282 1
0.620269304576436 0.995411748899134 0
0.409630185071384 0.518075223945074 0
0.677205263887532 0.190337288809971 1
0.199670569110581 0.0306156522519868 1
0.808581980484783 0.303023067470841 1
0.0503396842056378 0.0350781646497566 1
0.171861858653407 0.590051124984577 0
0.980602319069567 0.701620535990180 1
0.900377179406816 0.669987861943050 1
0.939729021123707 0.356209842177652 1
0.908444293345448 0.111644728490778 1
0.441417199953356 0.641320190861646 0
0.938804103633980 0.0631973162840663 1
0.237413463068688 0.644363201139949 0
0.0495143119387923 0.835288882121857 0
0.557264074472929 0.0571590413813742 1
0.313320235124509 0.355869693858060 0
0.532077316397206 0.618719424293600 0
0.471608569453574 0.638600787950913 0
0.483132409515786 0.197938742811640 1
0.570077529354966 0.623362852098201 0
0.923442277655097 0.557540637654748 1
0.236192493559252 0.885717763734168 0
0.876080149099275 0.697025447018004 1
0.733835433258643 0.364263100436321 1
0.0792107630031008 0.225347563063976 0
0.835387486003059 0.610909136724332 1
0.397644018545233 0.255565373706337 1
0.335738109821165 0.0758133062638469 1
0.000393003192162511 0.822702104278647 0
0.245805185986190 0.227952298732501 1
0.687946349867543 0.379552820846564 1
0.851172635113684 0.846487380942849 0
0.241049469369520 0.103150650873477 1
0.370939770510010 0.969389783138797 0
0.150423337765236 0.522823738989747 0
0.803500164107260 0.673336502314276 1
0.717023723404496 0.731530430669320 0
0.700478187379524 0.980978805009801 0
0.678854524106109 0.552756977405058 1
0.892045004085718 0.699724344415301 1
0.883030992398509 0.682686321302634 1
0.625367848479284 0.630233141183363 0
0.288778377039895 0.799344961723086 0
0.403102785321554 0.345654499497585 1
0.0289572504552178 0.481891832243155 0
0.916484014002140 0.0781225390910315 1
0.687447733872032 0.910105838329464 0
0.908170823529499 0.559225740809778 1
0.302087137118601 0.524986167070555 0
0.944826453960881 0.266951889825313 1
0.864031171740533 0.899992885578670 0
0.886012759088151 0.0139135681778281 1
0.000141330208426882 0.0970011361003359 0
0.377240218925309 0.0600749249737116 1
0.122325292282755 0.240922342563993 0
0.932807906469046 0.496849209461896 1
0.513707252515083 0.463524047411238 1
0.489336413426905 0.270546209102711 1
0.486921166834166 0.555109186833468 0
0.570291901023215 0.227335146551327 1
0.544507509855493 0.365696296781866 1
0.917110860863330 0.169963117656917 1
0.884384546527190 0.664272579170293 1
0.783719259295085 0.0816671815000450 1
0.322727335774571 0.343288689487843 0
0.784437421571341 0.531025317743627 1
0.145185475111792 0.549530082217375 0
0.860226200170363 0.367654358738842 1
0.772999741621247 0.643752039711339 1
0.775967135568748 0.164448079972653 1
0.528698694361384 0.724297165023449 0
0.450185366690768 0.925249655897346 0
0.226631492692504 0.989825937604811 0
0.808678177069552 0.878482557589275 0
0.965929096561876 0.260918861649078 1
0.543531972200356 0.0380933326539202 1
0.902207457047390 0.974025765044137 0
0.282350441974620 0.557119892123682 0
0.517755251349526 0.539709979193760 0
0.328162589425163 0.146461133031151 1
0.991801159206786 0.912492177539332 0
0.250316651822778 0.957609588337334 0
0.678755487511491 0.859629895072581 0
0.764202078999706 0.692760465061097 0
0.0322266387224318 0.385901348643676 0
0.982271228350328 0.926727881991679 0
0.0913227398037179 0.854466398240311 0
0.614074831939012 0.837886240305768 0
0.149350810825651 0.584056893061529 0
0.520796496705082 0.0699774676491473 1
0.0933450936003075 0.0256547757142321 1
0.781200439989756 0.225602119698981 1
0.772931017284551 0.0923023278155150 1
0.598148764929093 0.745105392777664 0
0.0145433195755630 0.851055445372772 0
0.0420242205446412 0.540469999664386 0
0.180970657410918 0.611271163713168 0
0.972030670982073 0.473137584532385 1
0.254600188930597 0.935188677537788 0
0.751008825863229 0.612812702378953 1
0.281235209565863 0.620361122295135 0
0.255518617536364 0.858006603334509 0
0.257863735978626 0.383737553062436 0
0.297052995510125 0.0641095130546635 1
0.00894460493713722 0.740147197199839 0
0.987176182067925 0.844189280483019 0
0.566460635822313 0.520233477466804 1
0.601842411286792 0.467644533228777 1
0.538260070859446 0.0986241161191520 1
0.0438375480386098 0.313258145173151 0
0.471520488898757 0.187386171789119 1
0.539676501208589 0.747424940356067 0
0.672955790751859 0.160366418234798 1
0.534168002716766 0.684630820240890 0
0.0550723089866286 0.440671024834507 0
0.620098989936377 0.00425129838543781 1
0.581175202776697 0.702337922578718 0
0.545596325824134 0.792892482436361 0
0.843281280213253 0.338489349037810 1
0.447386759703882 0.477336016112812 0
0.603565446308234 0.0487167507088292 1
0.123612886398841 0.226570679018213 0
0.252379252992998 0.696256927568846 0
0.850354325754301 0.141137325482975 1
0.0162243624864669 0.230590975622400 0
0.156250978102902 0.694787656752688 0
0.823384974759662 0.0683654991268832 1
0.229337681479350 0.729332462821735 0
0.259194955338118 0.627457935876339 0
0.700790606672674 0.652066072785955 0
0.966525279128937 0.321466896069583 1
0.198279819964480 0.538442993092032 0
0.747497287893846 0.0787826131695245 1
0.140506244981752 0.284516205689423 0
0.382497571279308 0.202866019436683 1
0.323289251403383 0.511348069926136 0
0.883785518984037 0.652209250046824 1
0.655381396240658 0.615086770040968 0
0.333575360001230 0.133637062598576 1
0.0216079591479235 0.180155346017895 0
0.369008659128179 0.497256714619296 0
0.972180671843925 0.0200489662091207 1
0.529099086782092 0.736137967040207 0
0.742144823205608 0.592424391886707 1
0.345388836894019 0.158833277047339 1
0.460589865325229 0.917311772021706 0
0.211635698217980 0.543725961130890 0
0.836959730137285 0.997762672476995 0
0.359808859400121 0.0423243386656313 1
0.0370881329506847 0.812946477529161 0
0.688989189990727 0.0773806866977319 1
0.155788884108971 0.940246959035672 0
0.798751169310482 0.361436012227393 1
0.0152624526253320 0.666612268525070 0
0.585623147313232 0.714606824130370 0
0.495516277025614 0.713098837349740 0
0.997461733758492 0.693951527972019 1
0.134370736426267 0.0116496821136840 1
0.672553682224412 0.220475624296656 1
0.0949454752997199 0.797271872245436 0
0.161768414319022 0.786970271892707 0
0.988331291627995 0.801662058118602 1
0.806665067461390 0.00782859412378445 1
0.244640288667102 0.0413461265168821 1
0.846300445700792 0.0738261062175675 1
0.0356002590349265 0.873747648345930 0
0.535607051181832 0.477439029937707 1
0.0914747556082006 0.731723208017670 0
0.970905666642088 0.218316752983501 1
0.583100936724686 0.669830001425541 0
0.555741274637560 0.444027163540108 1
0.317973073024066 0.988640193897181 0
0.849904542149285 0.286248259207652 1
0.530154513465718 0.108493420425297 1
0.0170982241517268 0.546901113581495 0
0.184894890547327 0.681171499798139 0
0.433468309832270 0.134720267483233 1
0.0799764111051149 0.539244043643070 0
0.280657553385460 0.744391073365556 0
0.250395286358092 0.111843434728644 1
0.000608642309199103 0.785671263130947 0
0.692885319229360 0.544158610420855 1
0.773889636481157 0.0105245355922341 1
0.820349298021341 0.589097894537780 1
0.851629614386601 0.804670229342780 0
0.151524880980843 0.990943066272342 0
0.890036638452991 0.991309619045469 0
0.658212889814532 0.413950401614831 1
0.696133662814189 0.0373350047922593 1
0.564071664208887 0.970412131676332 0
0.939681998347107 0.220539683718303 1
0.251847043501121 0.955011573092619 0
0.786884283722738 0.965372804258571 0
0.495258466368809 0.328336699020378 1
0.890900206746201 0.762756972183444 1
0.276198689794191 0.631921808991642 0
0.0152469091908527 0.846430751704613 0
0.0648910046344299 0.954398953403919 0
0.899635086221365 0.205804142463030 1
0.641150223245500 0.409344474369643 1
0.730268721706867 0.728557056721844 0
0.504361704538003 0.589918991241211 0
0.557574600412518 0.941195968334307 0
0.363894482655444 0.446887383570045 0
0.782635648272751 0.617583782116954 1
0.756865251207524 0.0824882339080522 1
0.700006136947798 0.230412999165212 1
0.961892414941854 0.121986691591069 1
0.768838371082727 0.766689373412152 0
0.977922591143854 0.0192684560099561 1
0.590276449693662 0.940998254103685 0
0.619259090686529 0.835889542229497 0
0.639053217086991 0.679009424846880 0
0.326371386951202 0.0286501407160360 1
0.0330290180615378 0.257897748232184 0
0.788176378613716 0.136281934367797 1
0.710187850585231 0.710698739660832 0
0.0790316916668774 0.0694659141846563 1
0.148581836436970 0.889888118999289 0
0.686340244196245 0.554369985032457 1
0.535037377313738 0.103389072112256 1
0.191214442758997 0.460525547942892 0
0.0559533508849601 0.141985085515957 0
0.611412300307361 0.423143741833840 1
0.0536116268787951 0.713873158854365 0
0.213575311952273 0.696293607456870 0
0.502662670312029 0.348149225899246 1
0.0940311096204027 0.348759285348738 0
0.408906110715022 0.0761245697502861 1
0.0201157980830675 0.0875126764650716 0
0.119463745805841 0.0498810672683134 1
0.940062513817168 0.0744761579673902 1
0.558861088998048 0.385089415393095 1
0.686461375988035 0.816371382234560 0
0.377770203140738 0.341177099862131 1
0.763121410685379 0.506118205056948 1
0.896389034840285 0.623487173692809 1
0.910192162933909 0.585288416445306 1
0.496486148131659 0.133875128306671 1
0.762610231961185 0.619414165621469 1
0.708962033211512 0.522356398560580 1
0.951296853819249 0.751478131363763 1
0.241554490147186 0.675678085322172 0
0.561339707783018 0.478957862700811 1
0.0437732675678098 0.956134062749634 0
0.923177959017536 0.260916508627098 1
0.945256578758605 0.710647265532105 1
0.500906344889533 0.201641917978244 1
0.586117448185864 0.663618053010980 0
0.771941845056879 0.249515725687016 1
0.249331184277456 0.206247429317888 1
0.378990476046192 0.370171543424222 0
0.288605596198995 0.508856682745355 0
0.538803965214914 0.680925652562585 0
0.948956823814014 0.309595262034488 1
0.385400699549855 0.382336703879403 0
0.0450097658137391 0.760928434980508 0
0.682518632709486 0.330030756423571 1
0.495030660179878 0.0637994047144127 1
0.296512000898722 0.0461044574644842 1
0.415888606709211 0.134925366667856 1
0.862510296881771 0.469515749731259 1
0.821017713549855 0.384104100866758 1
0.170846340100497 0.675198447264312 0
0.685133278246063 0.0953945889079628 1
0.997663361272585 0.161804875048284 1
0.784359298040840 0.969143920591108 0
0.725046355435369 0.424485032520871 1
0.310019979210334 0.916053045026867 0
0.159470790584412 0.234345717138455 0
0.864322154023422 0.982547444251709 0
0.610346218416627 0.126488257949488 1
0.390090398533776 0.779922878615476 0
0.755590734820880 0.980631672028654 0
0.718627885721305 0.487026267476715 1
0.647333125477405 0.489885607926543 1
0.207263361563340 0.175145950332604 1
0.885527817794700 0.608941138190528 1
0.719005962428497 0.242882040659812 1
0.302630563414622 0.716797158091396 0
0.0635984988767028 0.474066357238062 0
0.912796415495870 0.232388156978395 1
0.793850058451629 0.460679902359316 1
0.498583642971595 0.0246073205338221 1
0.413925194208167 0.0971312863402216 1
0.615562473989091 0.101454845358938 1
0.398515176103082 0.389221228764366 0
0.0389180400254918 0.715965873881041 0
0.301968332105358 0.0528820727920065 1
0.246278558123537 0.0124879463758995 1
0.972302587672126 0.147469963279117 1
0.767498049099355 0.936675283641776 0
0.403696613835598 0.865735047208025 0
0.736627208707252 0.402519724848686 1
0.302655015140592 0.161294029878869 1
0.527295827432172 0.354824295483441 1
0.207143239828657 0.934832592759407 0
0.254260283585724 0.643548436669381 0
0.434023068819374 0.471068414478116 0
0.0824258589644493 0.402367764834012 0
0.853287956728952 0.896553936926276 0
0.916329216291976 0.973472772948355 0
0.213107862551548 0.778675402614424 0
0.473722011760713 0.833343319260657 0
0.841459701675827 0.307089341365456 1
0.288278973458856 0.939517578717164 0
0.610708822050657 0.452698696707495 1
0.442048011955642 0.179305693073093 1
0.397491478371966 0.596302259595929 0
0.789374221308907 0.684103386218447 1
0.464512614006166 0.437343575467343 1
0.464802518415275 0.373344761370274 1
0.992028504325447 0.704314822871910 1
0.962229795446686 0.259741092802106 1
0.235080887982227 0.686347433100921 0
0.226953767121390 0.574920667424317 0
0.662738017543783 0.335007101948818 1
0.411946435203219 0.676690387494996 0
0.718754040551417 0.0428958097760105 1
0.733453356559109 0.548825309623264 1
0.783294861198721 0.595599424505492 1
0.263314487798836 0.287219675853879 0
0.998358215305066 0.356281697046640 1
0.493700436770442 0.863018499057662 0
0.0839265143577084 0.619370910104372 0
0.112015683244561 0.639941867773204 0
0.561499724146447 0.104610996001683 1
0.510108942426164 0.237917759850504 1
0.934835506551214 0.719280611974745 1
0.900826060835400 0.699469792752652 1
0.465403647853741 0.446621874136457 1
0.206477133228115 0.0392522770923557 1
0.564417605916330 0.0503963400211642 1
0.308733381777423 0.0885035594908777 1
0.650585633955945 0.864326466747765 0
0.515104006880762 0.136094967060762 1
0.843180091440765 0.658261734749518 1
0.131740414933202 0.576966152877657 0
0.251006777252771 0.726595544951702 0
0.597531434245502 0.582568857362293 0
0.625214781266975 0.179417896211948 1
0.412594085379022 0.734083595171972 0
0.900592174368736 0.595444013430102 1
0.810275025042448 0.546184931879577 1
0.540849882815387 0.727123260682263 0
0.405029360387868 0.313946925911152 1
0.397178144232737 0.0706075013953893 1
0.113988847393116 0.0882139835880857 1
0.937244946886955 0.327727367277919 1
0.234535513676866 0.231682421737723 1
0.152816827666154 0.748217173988451 0
0.510015806455522 0.607638868563071 0
0.455044535460524 0.0954313374935610 1
0.0740269704927721 0.719853341755558 0
0.575572872479097 0.916097814703364 0
0.698535281376159 0.824380195768955 0
0.490548734681684 0.673309054292182 0
0.0728936522872430 0.776640657913212 0
0.179663988538850 0.150124119869474 1
0.115935459352085 0.0655125774407258 1
0.583462574137691 0.747979980201842 0
0.0850878029738902 0.984782024755412 0
0.384054874066390 0.240243100104674 1
0.147156395441107 0.561935955206275 0
0.411486235855594 0.0808257763026458 1
0.625274958860185 0.561186644825019 1
0.359539661702456 0.450436385173672 0
0.895984347748299 0.240552260569805 1
0.417480347624906 0.565379051432139 0
0.933655236309334 0.653993482881170 1
0.820456832893364 0.911671189332232 0
0.116642487558014 0.782643867631822 0
0.103965621597775 0.976828330864318 0
0.132810138384591 0.442718302152520 0
0.638468367524552 0.141021437629000 1
0.684592135188276 0.409968223638190 1
0.790010083814763 0.792297255714071 0
0.542325863937077 0.211036526164146 1
0.675357869200262 0.177381313459718 1
0.686751671259533 0.645102161364290 0
0.338229868139484 0.947036813032988 0
0.650516312726789 0.409263315621515 1
0.404096018530049 0.696871879271469 0
0.640164497155045 0.403973045236697 1
0.934620218334862 0.349816215702816 1
0.429970692271424 0.132968901725450 1
0.506167545215638 0.0199125929718269 1
0.332064802012981 0.119670629030446 1
0.578720536980714 0.444240594367893 1
0.863420303230424 0.729784749901085 1
0.283649356010557 0.0536902571932525 1
0.834390322199530 0.221667787080947 1
0.519477204722905 0.0310644997405786 1
0.226076260056796 0.833324402461280 0
0.419447228469028 0.381875717904575 1
0.166994673848613 0.284579216928341 0
0.912394524729941 0.783671605167492 1
0.0579471474662161 0.278903576265385 0
0.604003432878013 0.280817450187181 1
0.103951667942444 0.935001351273427 0
0.313478070934483 0.164214895979172 1
0.142941659911433 0.0379100657606721 1
0.499510487543926 0.956042551771419 0
0.636097774582392 0.306134844932815 1
0.829255471019842 0.414075916449499 1
0.450012934881126 0.796792236400523 0
0.769449117166684 0.356184524401087 1
0.595337813678851 0.104857912475602 1
0.972264333046006 0.788900768528425 1
0.119715795317437 0.129615602596824 0
0.816317682597825 0.198039931414787 1
0.835156204912725 0.139707253744371 1
0.791571782727451 0.221659719700757 1
0.454824872662800 0.235346939515746 1
0.527209406119050 0.726403963979530 0
0.985384617421280 0.0952440095545961 1
0.944635813433744 0.668243811694449 1
0.763001753665800 0.910932190731089 0
0.460261334058887 0.629997950828498 0
0.540235560283314 0.336884483140429 1
0.804560331246003 0.839450254881450 0
0.276869589554888 0.898563629591142 0
0.256533117803792 0.493458486463028 0
0.213861345395875 0.563482505206098 0
0.551206160776082 0.580663219579194 0
0.951395602838791 0.132757244142678 1
0.237736694489666 0.373060674804256 0
0.801599354759739 0.811614164840874 0
0.0304100182820271 0.519604609978901 0
0.506220011387676 0.939584686473294 0
0.284025358705272 0.615818641293762 0
0.282721729872661 0.779454774382497 0
0.391973890725497 0.248028869651546 1
0.535457361013670 0.559307641372703 0
0.772885363425527 0.810639380241459 0
0.961658254497253 0.152711010010800 1
0.150385637810829 0.540159044571713 0
0.394790141443991 0.610301292908147 0
0.162740260175215 0.187056810189251 0
0.836642154811526 0.636890560891839 1
0.0848024166415003 0.0675748029044868 1
0.856285721654367 0.779539643363658 0
0.740845157125466 0.325973696722471 1
0.858336508405796 0.482784237828470 1
0.889920209822120 0.382310653303326 1
0.150776646034816 0.326977660973724 0
0.556686044291935 0.987679683014051 0
0.302517609996486 0.878997877438449 0
0.271223196123123 0.302293658374187 0
0.0164343755927748 0.160647054510997 0
0.515180771178199 0.529313999001079 0
0.0190493996175684 0.138059504643715 0
0.898228577809619 0.649790476075609 1
0.266981691434268 0.232953850224983 1
0.493373405549637 0.0965566021015670 1
0.636417523971073 0.0219925500682087 1
0.00149975684196624 0.859063162368324 0
0.113238946048208 0.142709936401128 0
0.466541429895883 0.402928991945665 1
0.623277801541600 0.0935644364528369 1
0.819671062347814 0.117893650805368 1
0.414805614415356 0.374816869630040 1
0.926854134814724 0.165386216534143 1
0.597383245707438 0.718952259305074 0
0.00183079711939682 0.125851362295549 0
0.680037925602516 0.738833693196959 0
0.212773645037993 0.841384283945642 0
0.0152558322316609 0.0826806682682819 0
0.735748231635494 0.0400780929862268 1
0.551910382313489 0.493532875542875 1
0.783621089270462 0.600758450014200 1
0.0881690729527439 0.683999361112703 0
0.355699683402418 0.478274739646466 0
0.299701638761614 0.543158966407652 0
0.569002997717977 0.549610201244653 0
0.510153205237618 0.713782041951922 0
0.782126250021620 0.156160862447443 1
0.187057908308071 0.0217424215262321 1
0.576495506561238 0.508052788132777 1
0.644377408346757 0.953687843457022 0
0.459867987286281 0.0251534162686224 1
0.557977229969947 0.612801637664598 0
0.974326063338630 0.493881456446688 1
0.751672417552212 0.900196040343476 0
0.380986361000828 0.0236071370014532 1
0.434016285468458 0.659505856033887 0
0.712831484096501 0.656220823129326 0
0.0937120937409671 0.883752785151842 0
0.637808222639604 0.536421914861518 1
0.114358495877141 0.690647195559463 0
0.101847987899014 0.412666651358950 0
0.666668779167022 0.826590835503785 0
0.167099877536969 0.685012023371387 0
0.764718468999262 0.108013025425075 1
0.750590411077428 0.139894864439328 1
0.312020271678708 0.158071937495249 1
0.570864599622042 0.120539321697390 1
0.645140645006562 0.230277581150221 1
0.811464609367515 0.423362384952865 1
0.201466319680321 0.670761507294081 0
0.676242716389235 0.336621313285560 1
0.822890583482289 0.519754399127937 1
0.414385678885230 0.821120341498278 0
0.493696805018326 0.884591940329906 0
0.514249396088927 0.704493726305363 0
0.939328627717671 0.834490519597363 0
0.0516507613619296 0.309075128010103 0
0.571552824094102 0.790617087900587 0
0.489760092346918 0.916662707902063 0
0.343828100189723 0.0384055085553229 1
0.669916719851435 0.445628727764588 1
0.769440010661778 0.239929168782699 1
0.540059576958818 0.494015440173347 1
0.0416380471168103 0.617475807860143 0
0.235080865140091 0.209048187438174 1
0.0204397513304999 0.874427335768880 0
0.327778292358961 0.255891641071268 1
0.468056077875640 0.713609140794362 0
0.784569113089556 0.852229998328649 0
0.532272955828496 0.932411462356738 0
0.477426500678993 0.955729267509643 0
0.697949720678562 0.680200806991795 0
0.0174171853022141 0.628519691510153 0
0.694990764934030 0.595965643122396 1
0.311959586795294 0.485121156789215 0
0.559790959466444 0.360431989283786 1
0.606806645409534 0.0207653181171664 1
0.182142657150037 0.748672455790473 0
0.250272590259165 0.393675246366843 0
0.578818058553812 0.279338449580939 1
0.262622671746097 0.777531061712828 0
0.239417049366716 0.660265909378412 0
0.359031350256983 0.909796644029362 0
0.904410998251795 0.127614634497510 1
0.869210305515542 0.382358548609901 1
0.514035778537585 0.577384930693493 0
0.0517476811070272 0.354497625595234 0
0.800337906910302 0.348048307142053 1
0.181189187919415 0.484088694631075 0
0.668741254408510 0.0714384387525147 1
0.835371714766167 0.0386856910587863 1
0.964796556770636 0.840609644466268 0
0.126845908688202 0.00736888964181903 1
0.523311321703079 0.703757803852225 0