0.437110297634588 0.862757274621464 1
0.0848799082436473 0.0449350662036691 0
0.687178523486403 0.632684616140483 0
0.847307415775243 0.329428625985027 0
0.483688633481875 0.537203662010405 1
0.101351733346149 0.251224476373033 1
0.102958039961422 0.300155009596559 1
0.115627705328228 0.684917793333129 1
0.494911145860798 0.308666985024770 0
0.622024982990996 0.485572093391568 0
0.0332618174209551 0.723512420748852 1
0.0625834756203224 0.939342548007905 1
0.986549176607892 0.188721756432497 0
0.291103749125880 0.529969635600630 1
0.476731639984533 0.741632409920389 1
0.630634319621005 0.534474223498243 0
0.714899019817730 0.785256783736965 1
0.109446297574162 0.745172294079224 1
0.109654572748285 0.768617766107885 1
0.912062540307169 0.771551263680926 0
0.324091473606756 0.884141601849385 1
0.723860787050350 0.454362999640766 0
0.709621072582364 0.459733209553015 0
0.468808831629686 0.146764808605769 0
0.0913108534983886 0.235640010482224 1
0.889832265892258 0.269690229686616 0
0.834518780783633 0.737467484440533 0
0.431672878940924 0.157019941751870 0
0.455898173273485 0.723151133998013 1
0.545901752813170 0.595940159885473 1
0.378495179251837 0.930296549200289 1
0.504679750540462 0.725275781369294 1
0.472674234625350 0.698876965015545 1
0.285868262686656 0.0759626670370882 0
0.872486429451870 0.506512847839518 0
0.0471602282340601 0.762962575327077 1
0.364310657274635 0.291808213678787 0
0.774035414498646 0.498575776711417 0
0.485513881563540 0.301766413854266 0
0.786279163641317 0.450198528565865 0
0.482606520374044 0.243767016659832 0
0.989464196169887 0.565696550495442 0
0.884042921092426 0.949632567453959 1
0.00773198597739511 0.217897757014444 1
0.475050740747288 0.438501647353066 0
0.857413845244921 0.768941015174750 1
0.343525714022587 0.140932150596654 0
0.728993128950544 0.913103758395250 1
0.418316308257484 0.394160256169416 0
0.0957635059352229 0.325248241305757 1
0.315255864764055 0.576729070579618 1
0.313016618815510 0.248070265684811 0
0.654550444357687 0.811922674946765 1
0.926871439003120 0.882905433157518 1
0.703690429513062 0.834412003560696 1
0.323034048050464 0.351237295467595 1
0.683119582328382 0.146043857579302 0
0.0841023315536529 0.604807386008024 1
0.375501209175662 0.996303350128346 1
0.190058716528138 0.803671371535782 1
0.693048974394468 0.741543935978344 1
0.662105626374455 0.386661919808833 0
0.353072421564434 0.406171603614880 1
0.180602741470295 0.294645726724472 1
0.156660676535092 0.299237165907508 1
0.236989573392682 0.653067122881131 1
0.328459373555387 0.0426171201332056 0
0.869595674557475 0.601033403848529 0
0.121913946258242 0.455008512917274 1
0.168142882586538 0.384023397757948 1
0.370455105653493 0.721040763939724 1
0.604346018247986 0.0908427897843354 0
0.0558149988702922 0.248939047116460 1
0.245226096560759 0.160589682203536 0
0.833971430826303 0.672521485535590 0
0.662883558533562 0.197894380160617 0
0.351430669878426 0.474190507575969 1
0.114212314490001 0.952479134140005 1
0.324903652173502 0.790592587646267 1
0.244516042367574 0.667898400488555 1
0.710565127708410 0.856537394816529 1
0.300546549099152 0.288973836836535 0
0.677235856792620 0.778018315410515 1
0.412656033270243 0.0190683049112297 0
0.349938381754432 0.873532527347448 1
0.785822555834106 0.247718752707933 0
0.185403586811687 0.123078051789077 0
0.456822897693302 0.126350469964775 0
0.583511362934895 0.587805744380721 1
0.321200600788092 0.891891221861966 1
0.706248103877326 0.0924722518509010 0
0.917825138677497 0.483485907824793 0
0.0730706057646422 0.885317045468528 1
0.181427284635247 0.957157763349872 1
0.509112135845136 0.990773380547517 1
0.799880710169754 0.361918080655420 0
0.630957609541964 0.585318512218753 0
0.0196906978495025 0.384926825853961 1
0.329981271739306 0.135867682812428 0
0.653828043905452 0.761524476062703 1
0.687137585603068 0.220859037129382 0
0.482248916947311 0.696796771405880 1
0.0537346990413306 0.809460749246264 1
0.627787538718306 0.272561000363200 0
0.504030136138329 0.508499923908720 1
0.725413294955884 0.422293052225700 0
0.390494204607482 0.0546643806241161 0
0.835725408041604 0.741606325842239 0
0.307502230241895 0.808717095570070 1
0.863786818238397 0.538131802303424 0
0.0144806923644469 0.759332479345124 1
0.762742843886757 0.0410853843612663 0
0.827367501588808 0.182260409025809 0
0.680897043790517 0.567098474796116 0
0.902734141488978 0.621205120879424 0
0.201734106546616 0.782018876539422 1
0.351949174115492 0.601489935674203 1
0.229140502492158 0.560267970353471 1
0.844918342825728 0.669621908836748 0
0.746410135569843 0.185391941406907 0
0.869052832469364 0.148131764164803 0
0.347622898942465 0.233397785105149 0
0.153950763059635 0.886606604770334 1
0.968282708051355 0.626840856603752 0
0.448923599010666 0.657173057392065 1
0.729902403809188 0.306398745201542 0
0.654166967443718 0.259049244232033 0
0.142846832383244 0.597085471215224 1
0.844177643163627 0.214925785094047 0
0.978463297744840 0.935490313019246 1
0.966248565943419 0.803675734994854 0
0.336404004801907 0.0776474426888136 0
0.925948916693019 0.174870393827248 0
0.133244508648767 0.487167828720054 1
0.939722445208915 0.269337347288937 0
0.0441003174467889 0.290200063740218 1
0.409077712392566 0.961368862974039 1
0.843006805199663 0.342057405904266 0
0.726230737945851 0.835896038587758 1
0.720927081757976 0.344592772586544 0
0.277345313180986 0.721447282682971 1
0.421213878980195 0.183992477257959 0
0.589549933696046 0.685952290821536 1
0.389137608975635 0.574253261315925 1
0.505975232454809 0.727877762923913 1
0.540349483660697 0.436894470209555 0
0.824270005176883 0.948861920601539 1
0.724977921025829 0.989933736766980 1
0.660488262126827 0.378405186860016 0
0.0358839258550177 0.755864288974481 1
0.155385211326158 0.933926274497400 1
0.886526835738953 0.812664666758335 1
0.765755110499298 0.449650087738774 0
0.180384418020527 0.00196731331580935 0
0.0651560127547579 0.946767974837847 1
0.162731698833445 0.349391661577168 1
0.837405591774195 0.0370351117375395 0
0.973106502078054 0.244434854879059 0
0.755104935602069 0.962941362373208 1
0.784604586090759 0.463770535625679 0
0.0293843774124156 0.124211567617867 1
0.874638181422491 0.667481137428786 0
0.681149565685477 0.0138769629796521 0
0.349046644109171 0.798918830596648 1
0.499580739286147 0.534933002949757 1
0.950057599727953 0.850208721719473 1
0.0540877190802785 0.229200282071254 1
0.191699733554197 0.0901338049271303 0
0.150150840786969 0.692796151451730 1
0.538246909771838 0.814991576850232 1
0.235626257479560 0.631543328753371 1
0.0767339868515430 0.772826085189029 1
0.514999246037390 0.631107080596622 1
0.836254457621731 0.890659971463635 1
0.681946632870707 0.992759570954289 1
0.0367236838733143 0.173769434864827 1
0.0452700361587514 0.549389082141051 1
0.538085144910296 0.119994228649080 0
0.141416878701370 0.767146320453977 1
0.707232611720641 0.228107771386604 0
0.247445580142157 0.110920723592081 0
0.439960354549784 0.968821293982372 1
0.620290499554229 0.447528790240225 0
0.972737397220921 0.829942777866500 1
0.197005876106715 0.0259773426261603 0
0.911839096499289 0.0905108682218669 0
0.350775086136300 0.815225778066403 1
0.161924131018372 0.909363689182419 1
0.420863546791063 0.0682405647890841 0
0.841478988284386 0.650274860335617 0
0.0437861746457154 0.553315952920121 1
0.136971290030361 0.206538819141209 1
0.589939980810158 0.424796597430744 0
0.408580120031766 0.472603526824014 1
0.478278107550319 0.0114840956947616 0
0.822053915870012 0.544944828159187 0
0.167271565219640 0.782401432614391 1
0.322022405962817 0.914464174575458 1
0.205509104431676 0.0460430670067342 0
0.0993228869521635 0.791776238551641 1
0.524355174753850 0.439388945098758 0
0.212572250184590 0.704619785724231 1
0.904376774765171 0.609383178814981 0
0.0460307007689478 0.914159804860962 1
0.897274469504630 0.679539441504657 0
0.587734699360410 0.204578147886753 0
0.861596813798220 0.989694056224173 1
0.0291704309050203 0.808360131576091 1
0.333010666628886 0.0511500366259079 0
0.501110149940969 0.990246235687661 1
0.217111807204624 0.0843738295383189 0
0.422596464472741 0.415974561943551 1
0.0295326853038010 0.888049377281212 1
0.587184250224925 0.762113065094805 1
0.929733343208572 0.673047175697226 0
0.0758083966358402 0.533690895412239 1
0.841823243665476 0.346976270842871 0
0.747779993309559 0.899944202277296 1
0.229986104752822 0.818957063461023 1
0.518117700258899 0.945892263569689 1
0.313758430154011 0.399557834825810 1
0.615786223991197 0.233621865447242 0
0.213172990990357 0.723219806715338 1
0.435888474735270 0.689098728987986 1
0.789075202168838 0.543365274913635 0
0.466467703583371 0.537106648921000 1
0.673554920697107 0.809690303805638 1
0.884836452267177 0.799584522179126 1
0.938138448649164 0.847774726325847 1
0.984737648241363 0.190362272708860 0
0.883556917005647 0.200273922939978 0
0.243580121535182 0.773663414276347 1
0.408304729337111 0.565534061934586 1
0.374805799010753 0.268902956579066 0
0.152228708211999 0.479355196683925 1
0.0704558635499715 0.674658792820056 1
0.295743539539919 0.684230726223854 1
0.859961739613216 0.821391312140686 1
0.0389834165344098 0.364663684811887 1
0.215465790463240 0.672749529623508 1
0.346547778219928 0.553076455519988 1
0.648159925932484 0.406415243732466 0
0.563166428038733 0.397958973194729 0
0.796182952661023 0.612879797761730 0
0.686963702819649 0.0613494508833504 0
0.889503566091691 0.764499761793781 0
0.486901972896657 0.233647377927434 0
0.535920037296063 0.165938512482026 0
0.837646172631926 0.423484263066730 0
0.00569317592940788 0.468447898767748 1
0.242571304654050 0.274436595604967 1
0.221506973979189 0.310130837712748 1
0.561546294929612 0.673148178725659 1
0.717612353422797 0.0300539701324770 0
0.252495029097541 0.655184249474997 1
0.506020953193950 0.521453646201288 1
0.739270096092821 0.478708157475946 0
0.722302249018386 0.720489501565016 1
0.468312305994242 0.688251891281889 1
0.706193560029617 0.0648108379902839 0
0.559066558157581 0.800235945634077 1
0.0784107990997832 0.0391751580785462 0
0.952803619422880 0.0270127378019748 0
0.975654195704780 0.525865384179891 0
0.162013956989709 0.734798999623732 1
0.417826928003691 0.505574781138639 1
0.619590702418415 0.293668076293376 0
0.568120122115595 0.186181104387289 0
0.374731887391110 0.662742668761300 1
0.903554684672104 0.942126635840375 1
0.677180262840575 0.158778356134171 0
0.112629297122992 0.275864609555203 1
0.669563419555450 0.991093067702776 1
0.217990762605014 0.833739063050054 1
0.0860946567640101 0.750156320514817 1
0.359932215917818 0.0420732026344852 0
0.0496072877375510 0.0270170824340884 0
0.146616371834832 0.487210238048859 1
0.453066184390810 0.0321960872618871 0
0.983202381728385 0.101525447869623 0
0.841867408862319 0.563294039340622 0
0.0132049582234077 0.427803410490948 1
0.868894444554107 0.790868286719563 1
0.283414657880971 0.273989644596915 0
0.197637806213813 0.272449621058978 1
0.309632856626995 0.405821488854621 1
0.529233976538234 0.673230821872443 1
0.482685251665000 0.981498061301854 1
0.629871794527564 0.397483097304902 0
0.166771129603420 0.744574268286665 1
0.374295836284183 0.856724960335783 1
0.582487687455976 0.675006179891858 1
0.810781622488905 0.779486162084114 1
0.368445573323737 0.811922868869241 1
0.839382275309625 0.596925259108599 0
0.416809187257042 0.438995096981732 1
0.942488096158148 0.168750264972941 0
0.296362733583313 0.781392558321778 1
0.368602556270982 0.194091834325791 0
0.652730071584384 0.998720766792915 1
0.583416038598142 0.542603727122336 0
0.354169765764841 0.00936648527757111 0
0.484305370454314 0.418798897187214 0
0.664321270449831 0.241051920396702 0
0.0563397260519934 0.0531377724279383 0
0.606402372274341 0.716133407078828 1
0.746782776851132 0.316491533728303 0
0.793970465593943 0.821069112987474 1
0.213784214518434 0.764420749436287 1
0.641105034627637 0.0656715109642984 0
0.731134736180090 0.712723074821828 1
0.0950619891940491 0.194968933480405 1
0.0700729237860212 0.776557306401632 1
0.885954974412795 0.250429898419166 0
0.361324533738292 0.403745725272943 1
0.703432159554670 0.883295283899862 1
0.560147861524014 0.656977867908593 1
0.337746416247334 0.0815009807032305 0
0.345652764623240 0.134505958733745 0
0.905462640583837 0.00768195908987102 0
0.453483142498519 0.982190585634205 1
0.482529879897361 0.0476740772951684 0
0.979146630576748 0.105378136697548 0
0.411689043653069 0.457465426431872 1
0.369446680166864 0.0544005092238622 0
0.0799630890212931 0.289085994767331 1
0.387782383606557 0.677974038681662 1
0.177931460814760 0.0486290648490890 0
0.131341798489283 0.457972134079399 1
0.367673625386582 0.572758058061932 1
0.158810026782613 0.199266685325509 1
0.307563478570568 0.186168542083185 0
0.687978914374768 0.102687650972154 0
0.838440041280124 0.0688002584515991 0
0.304822492671322 0.168984897606264 0
0.353097708000829 0.0608165364666632 0
0.730641350885471 0.551678618450622 0
0.777832699712274 0.807905419169923 1
0.177031054599608 0.804341596207267 1
0.401756430207033 0.631181728725543 1
0.00294144341624403 0.541745948865315 1
0.400597088207848 0.467135220453498 1
0.893202497200021 0.960137094736101 1
0.0574633839167907 0.289895636140310 1
0.389629543426234 0.366434071745622 0
0.265343970831155 0.575341432017928 1
0.0367766254152130 0.512580485186113 1
0.400503562973239 0.674237301498984 1
0.237808660950786 0.774672491909111 1
0.830969554443943 0.182440286537196 0
0.643625356481035 0.628897149636713 1
0.476568616453203 0.694024658944456 1
0.708806669929744 0.272308021631187 0
0.0993836147062606 0.928077995452894 1
0.756978232906910 0.345250354284617 0
0.298592115555731 0.638080532758138 1
0.502773700829750 0.925796427869503 1
0.0941776642754053 0.980630763366282 1
0.814555438817634 0.248728200455718 0
0.510466789066495 0.941952505723438 1
0.441970905465081 0.909078533341218 1
0.134891519626760 0.250976419314831 1
0.634875623001491 0.101052491907651 0
0.352309861011819 0.362357198800731 1
0.682708865556322 0.923627575746543 1
0.762457095496349 0.845269261425046 1
0.00674781128864221 0.258119992715398 1
0.259059553812067 0.275618896354380 1
0.677914162861171 0.298277721161480 0
0.336099870657292 0.0814173750006714 0
0.750125379032728 0.168334216582820 0
0.556978268589481 0.614437210615415 1
0.858240274764471 0.492396653577276 0
0.570581991578511 0.411906013957088 0
0.889399228904777 0.515704191506544 0
0.227478574796311 0.887364000181752 1
0.793979899980751 0.955098781806335 1
0.0339466166971409 0.255676765280150 1
0.0772672657080640 0.233665208667807 1
0.395902495233140 0.0701539751326874 0
0.185766701230406 0.259699712664130 1
0.944193349691584 0.174212903558270 0
0.779683488598129 0.0275624574552161 0
0.743665577049455 0.174469143778632 0
0.491997802393504 0.780455771607454 1
0.490048567580477 0.920264208011638 1
0.581110665635782 0.721587650890057 1
0.596626367614271 0.298418899616122 0
0.898026371930505 0.631456462773877 0
0.120834684053837 0.770184852687916 1
0.509614115437150 0.442502750472501 0
0.995522026375819 0.619445687271971 0
0.481429516509278 0.573748499857099 1
0.837812753902960 0.902742010563319 1
0.603655451810152 0.752390886085395 1
0.664374944018099 0.264954421809113 0
0.272461392160703 0.229365439735353 0
0.830933248339711 0.693602467494371 0
0.244466292801882 0.233012359696303 0
0.673362439399853 0.621926209582063 0
0.0881300683121029 0.254936701550741 1
0.0188520462553946 0.920419276853629 1
0.472346212675716 0.302556311341820 0
0.938995130457103 0.848542958999822 1
0.325574819439832 0.229708736419111 0
0.322153018701129 0.572097437982420 1
0.0520307237904670 0.188902236210568 1
0.675285606496100 0.420008019578231 0
0.721740661193047 0.376239729989870 0
0.903717750466722 0.0390369752968421 0
0.437148611217318 0.127950073167769 0
0.109516662137333 0.753760873144910 1
0.0376070579948005 0.412611546221674 1
0.880768906485134 0.804086419107381 1
0.652255643642786 0.669898880654487 1
0.915496766943614 0.382820974382455 0
0.880596901931902 0.494831826897916 0
0.470240599528698 0.950555450565638 1
0.670340399902112 0.947946362588767 1
0.745065891009759 0.484983200713881 0
0.422212153327396 0.712433982117579 1
0.153917965651835 0.749830073153533 1
0.284082615168762 0.510598284783477 1
0.548477136120711 0.447012520232540 0
0.255735863593464 0.769021405971950 1
0.891734796606525 0.415627154635843 0
0.580750363847110 0.500088617073698 0
0.718673610267256 0.0874795401118286 0
0.862031056891835 0.904335796223319 1
0.896562820543634 0.454727796725502 0
0.957609243427753 0.599055183476994 0
0.627508350099711 0.0705558582429399 0
0.998980574414251 0.529440313669513 0
0.790507378175129 0.221312039428046 0
0.270824119391908 0.385189650643749 1
0.990550529576834 0.559997735035598 0
0.801505613506611 0.815033115322822 1
0.253114833412952 0.262842018555470 1
0.0318972626590771 0.727815397846743 1
0.952809795173432 0.492043114351589 0
0.556832007130823 0.304244861543230 0
0.552709922979516 0.290407878071884 0
0.0473778242360423 0.241102217882645 1
0.639038320593837 0.0731633805453010 0
0.500103671814686 0.581119020987878 1
0.804294955084239 0.624939296169217 0
0.0695497171402839 0.235241898675680 1
0.562930984032601 0.564294562839389 1
0.408680130399253 0.872597932993518 1
0.551768698563260 0.807658418579406 1
0.358463447127546 0.407348822949998 1
0.999375369840583 0.496224495348338 0
0.450323845716084 0.706388929524465 1
0.345823709018314 0.577921464255537 1
0.189725613104265 0.754689068545382 1
0.923527675642427 0.950158416360820 1
0.104294099609528 0.177023398872168 1
0.440343746623061 0.789258502399253 1
0.686200546419638 0.334966275388993 0
0.142405551291614 0.563783585221743 1
0.931496174473711 0.206889950925096 0
0.0588748955912622 0.740971633740244 1
0.218099617928129 0.980002838856065 1
0.0771952871598938 0.833330769279483 1
0.411511883957584 0.620510936374456 1
0.597258566220453 0.492107193656614 0
0.731141777431234 0.523576347318330 0
0.878433272286327 0.931533770213731 1
0.353248415795872 0.158347145207350 0
0.702462737364214 0.590509085928332 0
0.0486163747014100 0.638005952877756 1
0.819261844425822 0.907924152870709 1
0.318275640959985 0.269397832902488 0
0.221642345607286 0.710750151001298 1
0.361036431321268 0.350325434079745 0
0.114069927188407 0.364385731470396 1
0.293705095344192 0.0814052629297609 0
0.00878904977636619 0.328304340097401 1
0.253263695947600 0.324429870519064 1
0.837712781276168 0.0295806780882653 0
0.807756027242233 0.549567315907566 0
0.382567658424981 0.706743962546668 1
0.430679714201925 0.498500819100446 1
0.182587413636037 0.527304459733684 1
0.316874135129230 0.105814546178561 0
0.417368460758973 0.684744277206492 1
0.0664683701558769 0.471142697411741 1
0.337887406007030 0.229269650368604 0
0.495671286930219 0.855721510245160 1
0.00672132585448737 0.565192660968216 1
0.438075198316095 0.999162540843130 1
0.218689092297672 0.0770970455148040 0
0.213398938515202 0.515001693270262 1
0.249238945034208 0.303955564059445 1
0.128325728451205 0.861609871643900 1
0.944813288869933 0.161775011588400 0
0.169074724358015 0.00138428158769255 0
0.567612541696802 0.442986809149879 0
0.171507398725913 0.677156868554476 1
0.260917958961189 0.967907996395404 1
0.676775054607507 0.620111777842328 0
0.503265687969803 0.190354270217775 0
0.157287882285538 0.362172199980653 1
0.0825067284780813 0.780056740755435 1
0.881893913320054 0.329743622586740 0
0.241891205395549 0.164242096633753 0
0.958973575476669 0.285070303255482 0
0.892364099455500 0.0403404765329846 0
0.159977628609995 0.755118594653949 1
0.503705511689154 0.285286945389222 0
0.118920371021206 0.764496309659406 1
0.110838079480105 0.842570292674491 1
0.696295773328685 0.455017937979714 0
0.271550503134259 0.858388951062107 1
0.966388181572088 0.991430673301041 1
0.839245930574685 0.941751580653172 1
0.0925202257570383 0.979273757021668 1
0.390557357489248 0.950654707155433 1
0.124217338058669 0.963886640936746 1
0.555392238707090 0.697935419595427 1
0.162105016427030 0.156183814580635 0
0.831766976792717 0.646758973412585 0
0.257694846872490 0.990725970351113 1
0.510566557142070 0.244289941140888 0
0.782453797148466 0.681763597423915 0
0.538338859743596 0.129261832214584 0
0.528823419889671 0.998183616993868 1
0.854840090524984 0.419857723191922 0
0.245100413344743 0.350680162922975 1
0.127099981360047 0.206590696638341 1
0.560244721036650 0.850157600433300 1
0.128379912393435 0.612404108262985 1
0.331157439023732 0.575336034796073 1
0.326439828204746 0.248047605831704 0
0.948044505495435 0.133507388963560 0
0.375914292393585 0.0649665436606767 0
0.469110536722022 0.607252715140079 1
0.947342253459361 0.729593671594385 0
0.828380385649541 0.424899720713033 0
0.671999935841827 0.0989996645179524 0
0.267311286519153 0.0892755580324364 0
0.133264895299927 0.529519577384459 1
0.333962695574097 0.335970802267042 1
0.159820101315438 0.661396633894503 1
0.960400022220144 0.953896462456915 1
0.200937692726022 0.0489892859048344 0
0.310666985123961 0.121249754569660 0
0.661420006676521 0.608231709364389 0
0.437622570627844 0.296194659149692 0
0.589831843003317 0.718742501585400 1
0.848846101786326 0.484814391888827 0
0.588148108424803 0.954161788187522 1
0.496978099559071 0.358777328055674 0
0.835577641752084 0.725122712744262 0
0.797965815727631 0.592965812582363 0
0.981160675095479 0.701727042711572 0
0.948606057685063 0.286086443789750 0
0.917189035022173 0.550364473987339 0
0.494825053534748 0.00720677417433180 0
0.737152444876146 0.950888821941341 1
0.600521471409832 0.438235452580948 0
0.737999367073601 0.356145070741908 0
0.375760828398144 0.101939144055856 0
0.911106703448826 0.237380240606376 0
0.872308594178725 0.297086488271643 0
0.704665700710634 0.478563188148794 0
0.261228710362209 0.415016642130686 1
0.501069396344304 0.0561841619768215 0
0.217705751670548 0.588936668362418 1
0.102520044553227 0.0670047794311665 0
0.577961082290705 0.278830360209908 0
0.479595927213283 0.931349235038930 1
0.247491794600084 0.701653611726631 1
0.446676011833365 0.683694143374167 1
0.138393168307642 0.356228244456143 1
0.522802379487293 0.595937114789925 1
0.970371778852875 0.820710422600543 0
0.823782197388079 0.779012544974402 1
0.00443962533099440 0.750915398816096 1
0.0916195093535536 0.531539290881599 1
0.0255756891542410 0.745190811328067 1
0.308427019003861 0.217719351372203 0
0.980642969938070 0.518552245398439 0
0.460403761724640 0.812646661747407 1
0.409745277252284 0.276940471432668 0
0.408218926386112 0.503675550499623 1
0.824814350421039 0.652387984291462 0
0.581705005634399 0.0812395766993673 0
0.119351828467704 0.145525395787640 1
0.444733353822932 0.593480555380867 1
0.146404512662537 0.413926082161668 1
0.666072739689219 0.131145233897117 0
0.122369305875856 0.808771916829455 1
0.0866890075636664 0.715638009576345 1
0.703360821685332 0.975830292156385 1
0.411258390257194 0.0400337287898845 0
0.996110788064722 0.803091959282384 0
0.534049155104092 0.491553595070345 0
0.779014572147150 0.194776917494204 0
0.868629190695828 0.142133319220714 0
0.798747392509370 0.198932447042087 0
0.214086865310022 0.00735530562758679 0
0.680367553547893 0.121022185102635 0
0.00462444842781662 0.690538374579065 1
0.795798678150229 0.292197011177862 0
0.215832610861792 0.492568804531873 1
0.986722850438062 0.880945425048980 1
0.944146065929164 0.523796941555899 0
0.585116232116086 0.706014023062956 1
0.160467686212034 0.151053167776156 0
0.703401715972547 0.436440466244005 0
0.417453755530445 0.890863162325704 1
0.466768929719462 0.159769610111584 0
0.304968332768219 0.118656032897911 0
0.869165414881222 0.822207098786339 1
0.469420026121725 0.0580731400513769 0
0.806157440212267 0.232246057042530 0
0.806799324114232 0.594955914396248 0
0.557026409215586 0.711458698787822 1
0.386127552745265 0.432955480945108 1
0.687066389600491 0.479920754965920 0
0.680903375066934 0.0869290991171852 0
0.181942755029730 0.610037469045399 1
0.764151065143621 0.280320203662878 0
0.165176548189076 0.918916158645096 1
0.324107356659920 0.238218116946099 0
0.870210874130364 0.750654151788566 0
0.571668060261106 0.705144989531288 1
0.256599193709674 0.122781959975571 0
0.923924401595779 0.208727417299124 0
0.660577430577045 0.197170766341279 0
0.554510533459111 0.784330405863519 1
0.993320393698318 0.551151236918330 0
0.845553330691110 0.507985226309667 0
0.677192804433569 0.742576145409025 1
0.0817305279088166 0.877487957988406 1
0.364445769119351 0.0700456273718756 0
0.502168376901048 0.376322335085403 0
0.617655511888134 0.341774478693686 0
0.639878093000053 0.844279955663404 1
0.725114846027184 0.768851860484281 1
0.910238871213003 0.532497379324864 0
0.568277087306229 0.0895479382771494 0
0.980268932035789 0.925108030486752 1
0.113198034663081 0.557943343347014 1
0.465678948651581 0.0239093827982986 0
0.101672621946619 0.646063066686271 1
0.742449974034582 0.273709241405529 0
0.806825618589100 0.453676469345489 0
0.523156894060426 0.895617034720224 1
0.432531212890187 0.204043057808813 0
0.0669949392781002 0.113638346999754 1
0.564612826920988 0.618168934051299 1
0.254827742277161 0.675487414322765 1
0.0823318695889193 0.988851036698689 1
0.733709331985517 0.321568920957744 0
0.743442942207892 0.907225354077795 1
0.371080089076191 0.590471086599700 1
0.184474533844840 0.0768366923878633 0
0.512889456373212 0.930588139361543 1
0.0934563726669859 0.542463657331680 1
0.778441860273184 0.473861168610098 0
0.475954300242254 0.544476075909884 1
0.960963073872747 0.527338911580452 0
0.109020438087144 0.661478538018846 1
0.697959594838694 0.644448465152054 1
0.803561592190103 0.172933099904175 0
0.726873621011507 0.507537424916394 0
0.461454362263127 0.178187101364052 0
0.546110021388896 0.465664176710337 0
0.615188677734677 0.0956050309004717 0
0.0591054364755564 0.908933531913844 1
0.995673059059293 0.843015173390295 1
0.254907617658431 0.204660592241551 0
0.643407387944962 0.222008136861673 0
0.126433103387548 0.564808616888746 1
0.167863237987381 0.0412760724405852 0
0.491104867558420 0.979159449496697 1
0.288500732968919 0.344412672914985 1
0.504240158441386 0.296243661287867 0
0.102181378177285 0.927944207717064 1
0.419294961832159 0.244457928024194 0
0.268601566684022 0.405185576536020 1
0.581902238981763 0.183801148922993 0
0.171705513846481 0.0860169098489539 0
0.962321732429870 0.913254777171960 1
0.544211518999056 0.277310364429940 0
0.701952274063303 0.778303366445588 1
0.932366231327870 0.162155071760096 0
0.345367767657966 0.665765008604031 1
0.515716744639155 0.274360998387416 0
0.786591356164616 0.725254372432452 1
0.0694100808901044 0.0572342742201050 0
0.753221369834488 0.662118895050762 0
0.117479420726014 0.0560967507063875 0
0.389130054605248 0.657521232950110 1
0.696992868883200 0.349710939443993 0
0.0598718259837863 0.735814628830464 1
0.664982858971709 0.417908509647968 0
0.971914355599993 0.555436534217840 0
0.249420230787540 0.189658354604197 0
0.259137430599830 0.277674566387429 1
0.0872309721929809 0.486091319490600 1
0.0930247642107462 0.0465304401224820 0
0.314405338842312 0.848933275158438 1
0.832531085369585 0.438614518480877 0
0.512419754658915 0.190299222713701 0
0.385640393166516 0.149596073184233 0
0.182504298054408 0.126237541619646 0
0.976017655820594 0.482210853434115 0
0.741437914928177 0.994419386918528 1
0.340163674785766 0.835648749332799 1
0.922334280477969 0.879932855283978 1
0.586330878780638 0.513262533254941 0
0.265197531882262 0.0131051075963924 0
0.481566401106022 0.789242813886401 1
0.434385942636556 0.914446079365719 1
0.302500782399179 0.0631621932172093 0
0.656762066654172 0.174991705965609 0
0.792193958738931 0.509555389463493 0
0.353264015969516 0.430876578677379 1
0.437873983933299 0.958876325967468 1
0.963036058295582 0.984610597556099 1
0.259512963205468 0.154331025255191 0
0.719260428381524 0.353104749749603 0
0.851137919383833 0.576856597384625 0
0.741832804290178 0.422226306186494 0
0.216553091212377 0.507899325343234 1
0.435307507321457 0.877020301564005 1
0.608759797394744 0.0604638606322634 0
0.591556593318378 0.915354632511841 1
0.951885605765045 0.312558525390127 0
0.358403328550628 0.729137222490116 1
0.531793318190359 0.275110406267776 0
0.398377421102744 0.729862527978436 1
0.614729307240554 0.784355204630669 1
0.464846119955021 0.567205495267141 1
0.955486498620608 0.110968274194404 0
0.708487033801314 0.124699610951924 0
0.498848460668222 0.855707906951462 1
0.492908427768281 0.933883944886743 1
0.248496641522320 0.648654278613022 1
0.215386327693761 0.184974047808943 0
0.383859720520548 0.722325300431624 1
0.269416756631208 0.224046448619755 0
0.298305181972956 0.752745464608397 1
0.214974857433362 0.998626902830434 1
0.430715403844751 0.921307939640617 1
0.237348928461789 0.527266925915165 1
0.429048234119595 0.622644925526362 1
0.738228582876463 0.315417495241591 0
0.190312305490835 0.880535736099871 1
0.980479282983656 0.860289938625907 1
0.250940021249304 0.0605645582141712 0
0.0919276967135835 0.549641249488619 1
0.662203942478593 0.380565469890537 0
0.124135676670964 0.556843256925980 1
0.458544409648374 0.182172742480891 0
0.554910703199001 0.792189509902917 1
0.912217951465050 0.117893762311875 0
0.840780910618383 0.203031172524968 0
0.476473835535002 0.0239498321257702 0
0.880599827125074 0.0584982081415181 0
0.813531095458900 0.119177890746176 0
0.194638634241095 0.451364480065821 1
0.672449036191347 0.895686116803929 1
0.719227265312314 0.103769091038851 0
0.652572655331459 0.997386703572969 1
0.405657295757971 0.922418470016268 1
0.0436104168881550 0.125970349586840 1
0.378993186118575 0.561607702552130 1
0.0331612108048404 0.578721466419884 1
0.244203547060941 0.781486432268272 1
0.842783726321279 0.0993772748866172 0
0.474714699924405 0.0890592289617606 0
0.195541065263205 0.944710757774773 1
0.933438818963738 0.425479940068682 0
0.175843934491741 0.819158637951975 1
0.710189597453810 0.782990448519278 1
0.252158148937489 0.837900405198408 1
0.125755014091680 0.139751697312994 1
0.423521195198305 0.0917317765980943 0
0.306874614622262 0.442851857458246 1
0.556235015128873 0.808103253502192 1
0.00569557843037016 0.140313091448584 1
0.401874095331176 0.179745447028820 0
0.324373923824995 0.160597735828325 0
0.208877817166573 0.230620414598209 1
0.764696794144751 0.328044903771119 0
0.215727353849774 0.0677797259064790 0
0.367228639238266 0.386524147105280 1
0.0614618144270782 0.280483878291372 1
0.799073715137519 0.153184353517800 0
0.857763181629785 0.313274051038118 0
0.979003122277569 0.499258710702754 0
0.950643273676878 0.670910860707972 0
0.487089595180355 0.291576329085903 0
0.296314089289379 0.486830388197905 1
0.694165375771075 0.694060265746849 1
0.724605949408531 0.942317580260430 1
0.868355089585263 0.113312846455346 0
0.206321940539887 0.377052136063788 1
0.398953671310738 0.866672603066886 1
0.788843309367256 0.767929102128413 1
0.222687134255348 0.825941587639117 1
0.482180958594303 0.0369039677567898 0
0.780965492627652 0.804056982937555 1
0.604659763938264 0.0952634989322339 0
0.199041178296709 0.352708414997337 1
0.492340154165710 0.233024987039894 0
0.980274528025578 0.984379688075920 1
0.191916362014247 0.482342154075596 1
0.242707546624815 0.280328316534839 1
0.415454975434174 0.420773380982169 1
0.795043142215217 0.139005899714352 0
0.859923091040269 0.781212911874873 1
0.768784924665386 0.821054484889398 1
0.422658018145836 0.00596988946024080 0
0.262593208606970 0.358609523493308 1
0.591108932657750 0.927932112702425 1
0.556326656281380 0.558587743807329 1
0.323018777008226 0.170294285600185 0
0.244804032760726 0.397686499457874 1
0.629170524966636 0.630711383788382 1
0.361440067369009 0.763502310463380 1
0.446561018492812 0.985480069141180 1
0.423689223410195 0.977685961914189 1
0.604982171692136 0.444137204279473 0
0.0671166731042974 0.917980051703508 1
0.464783637975149 0.723760227542370 1
0.936317746061108 0.154939104729143 0
0.148083988172110 0.569318606228353 1
0.881589345135556 0.529554867793960 0
0.198591025867163 0.939542036908611 1
0.482828375779478 0.692623234111008 1
0.490967341749764 0.539422595624084 1
0.234800187971423 0.918723546688146 1
0.596583447742959 0.0809163877104087 0
0.837059223682042 0.309422641621454 0
0.242771283806865 0.366358295354875 1
0.505725744202146 0.0117470190120127 0
0.468394682446527 0.545157942159207 1
0.804901928355427 0.385575000354877 0
0.485465750311827 0.465144094471811 0
0.0479940346507033 0.0526141820195919 1
0.298908299511566 0.980549132697604 1
0.721633836307531 0.875372403832123 1
0.540762547102879 0.312616748120332 0
0.713012152840382 0.0817693212960504 0
0.890425151871775 0.106600834632225 0
0.0369476472771485 0.111278265231320 1
0.161574289227266 0.314163647942230 1
0.206182233554493 0.746720853082172 1
0.548192196319173 0.867822609195223 1
0.687497313534740 0.450380463477844 0
0.342331698262160 0.735400728031807 1
0.869802114524488 0.195411686602234 0
0.879197699329509 0.193904940640434 0
0.190121828295432 0.367443366009127 1
0.531826311591823 0.349241348225653 0
0.989532176487350 0.302079048521852 0
0.0575725729241621 0.549760447375391 1
0.0834308047551202 0.0126952114871813 0
0.417629311050504 0.359230860818945 0
0.854612477908833 0.684992520074072 0
0.398589015919986 0.207541573900430 0
0.00994886709597720 0.180837706444122 1
0.645542201398438 0.294115602857141 0
0.293803456148387 0.00560850349145226 0
0.149930457742307 0.344784582457802 1
0.107785174623357 0.828404509845557 1
0.868898319842558 0.0222892567365873 0
0.00326524552560858 0.0303191439356544 1
0.518586489523116 0.374355820711258 0
0.550820875150778 0.0653602722911862 0
0.115949909280162 0.853047314305839 1
0.200041094720937 0.363551503367782 1
0.862222213144716 0.708687128991001 0
0.116972147518495 0.342507854072163 1
0.824703640728678 0.285413662432557 0
0.193089317914146 0.00549139265042475 0
0.995545843767100 0.270033738580401 0
0.471411677696290 0.558207042219256 1
0.547270962835717 0.395211046506528 0
0.0822738922900407 0.845151199202269 1
0.0512932601742755 0.253563138257205 1
0.207424480886864 0.920189257500870 1
0.160788912975803 0.144958200934254 0
0.451064152911600 0.483915643147153 1
0.629948023093856 0.201985989549951 0
0.726329420753883 0.112181925622327 0
0.456048905268215 0.0789357521370373 0
0.376930325528669 0.0979612918402069 0
0.0644145555899943 0.443423865506586 1
0.538336973827694 0.493936504081337 0
0.451036663361430 0.294450887011862 0
0.402357580850617 0.710331682330571 1
0.0738371214671103 0.0215003650054530 0
0.193815277731777 0.309591687721297 1
0.608431843562596 0.842783500202370 1
0.915084204481870 0.547458345648014 0
0.631519375158410 0.0551699432275957 0
0.577675709266845 0.510165799513039 0
0.342380104867507 0.294254546124425 0
0.135472093544284 0.166327322082773 1
0.508387052071505 0.679283628275100 1
0.646264386510034 0.196816916577810 0
0.967516051221724 0.395892622198389 0
0.761952755146005 0.727764929327282 1
0.182998384665516 0.809935134696159 1
0.239661038667916 0.601484813552626 1
0.957005159307117 0.130808744908413 0
0.757999432551398 0.0108904791532959 0
0.192920249865204 0.292572815401916 1
0.701951525611609 0.483884574465997 0
0.833474576495222 0.0756708445565054 0
0.436250492183792 0.0834912213037732 0
0.00947672833667290 0.979494336218015 1
0.668110263011594 0.624270958829799 1
0.0697353731819123 0.822908321879716 1
0.237802833517355 0.781009954812059 1
0.0970309665941608 0.510238158814372 1
0.870467848958161 0.606962140122475 0
0.834037685824148 0.282451250437972 0
0.235160794457953 0.935996037806267 1
0.754383145427347 0.616869061532580 0
0.508363491483711 0.406849284742422 0
0.421155123839647 0.0501783406451533 0
0.218720458709724 0.104844958853648 0
0.221657709448429 0.443939337202413 1
0.0908022418997704 0.0237626736337679 0
0.248817264444410 0.288570973063332 1
0.589651040718344 0.214895463169776 0
0.882214752160033 0.221510661749142 0
0.155047907080482 0.192683819270941 1
0.261879220415922 0.839152909000535 1
0.633578889914443 0.466044073727991 0
0.101196177848524 0.543139112165281 1
0.515343662630955 0.580817369173175 1
0.446853839892246 0.0943460574025014 0
0.0504344253698894 0.0640109869768697 1
0.765775889217627 0.986810188422777 1
0.0951951647485363 0.283831412334356 1
0.338370411417264 0.141901385874792 0
0.578965380968924 0.0187790719397697 0
0.850853318575028 0.870707746360171 1
0.260854059570340 0.173745331022350 0
0.810281787692085 0.171535262552154 0
0.436664684760186 0.372695885454423 0
0.827617609689202 0.182508525374895 0
0.921592139880074 0.441009552322525 0
0.438204368854503 0.578675745060439 1
0.262057272200667 0.836159542244419 1
0.461441271441343 0.588294798892154 1
0.0948119661300833 0.924032047728627 1
0.658777749601695 0.481283987946614 0
0.632346765934526 0.621843267289320 1
0.496799876288111 0.441706605152818 0
0.470155583209932 0.912510498318116 1
0.128506557380104 0.710407844267012 1
0.334388453585697 0.602796709732092 1
0.268596256617786 0.843388779685296 1
0.535809682439953 0.906496042563562 1
0.419807935291822 0.577985647275711 1
0.836032514462214 0.207595460201086 0
0.701207896128007 0.333089933911915 0
0.495898425789033 0.920011246749021 1
0.599520868877146 0.491157597833690 0
0.396717233593218 0.845151173875131 1
0.217450060807963 0.491576106454086 1
0.742238238707978 0.0482486802876786 0
0.922637962007615 0.588422658281631 0
0.261286584966226 0.979888295600632 1
0.632291716174211 0.151465447352684 0
0.709578410562038 0.626922525754517 0
0.737080427473457 0.644414821825826 0
0.270219651390823 0.106226241694230 0
0.102343660680696 0.298976025698046 1
0.718555697720520 0.389537272034082 0
0.443194532095493 0.954362572800358 1
0.682704232236127 0.576754280005701 0
0.0584291584490125 0.0873584107212786 1
0.654282668351768 0.107159734125488 0
0.288377627080300 0.953682705704707 1
0.877846123123820 0.805344192296684 1
0.165299773237786 0.428301675078041 1
0.445569399411128 0.672491532142477 1
0.969153624870472 0.211928862779435 0
0.0861280747993826 0.520164564146610 1
0.400463628767989 0.975541011071462 1
0.285458605613679 0.830424555479948 1
0.0826788422546244 0.215979284796715 1
0.709772903187250 0.448423517046809 0
0.562440654683250 0.572681488447413 1
0.988042581962319 0.570801411824487 0
0.227609185873663 0.930525604250349 1
0.104662298030726 0.255096077449918 1
0.469907000909921 0.656339481759564 1
0.725261136354890 0.781247151914590 1
0.203118316520073 0.115971749685978 0